 
Sat Jan 10 16:24:49 2015
Room1 Light:
1190.00	1200.00	1210.00	1220.00	
Room1:
12.00	-18.81	-18.70	-18.48	-18.37	-18.26	-18.15	10.80	nan	nan	
Room2:
-17.71	11.20	nan	nan	
Room3:
-17.27	11.60	nan	nan	

Sat Jan 10 16:27:04 2015
Room1 Light:
1190.00	1200.00	1210.00	1220.00	
Room1:
12.00	-18.81	-18.70	-18.48	-18.37	-18.26	-18.15	10.80	nan	nan	
Room2:
-17.71	11.20	nan	nan	
Room3:
-17.27	11.60	nan	nan	

Sat Jan 10 16:28:06 2015
Room1 Light:
1190.00	1200.00	1210.00	1220.00	
Room1:
12.00	-18.81	-18.70	-18.48	-18.37	-18.26	-18.15	10.80	nan	nan	
Room2:
-17.71	11.20	nan	nan	
Room3:
-17.27	11.60	nan	nan	

Sat Jan 10 16:28:13 2015
Room1 Light:
1190.00	1200.00	1210.00	1220.00	
Room1:
12.00	-18.81	-18.70	-18.48	-18.37	-18.26	-18.15	10.80	nan	nan	
Room2:
-17.71	11.20	nan	nan	
Room3:
-17.27	11.60	nan	nan	

Sat Jan 10 16:29:34 2015
Room1 Light:
1190.00	1200.00	1210.00	1220.00	
Room1:
12.00	-18.81	-18.70	-18.48	-18.37	-18.26	-18.15	10.80	nan	nan	
Room2:
-17.71	11.20	nan	nan	
Room3:
-17.27	11.60	nan	nan	

Sat Jan 10 16:38:25 2015
Room1 Light:
1190.00	1200.00	1210.00	1220.00	
Room1:
12.00	-18.81	-18.70	-18.48	-18.37	-18.26	-18.15	10.80	nan	nan	
Room2:
-17.71	11.20	nan	nan	
Room3:
-17.27	11.60	nan	nan	

Sat Jan 10 16:38:34 2015
Room1 Light:
1190.00	1200.00	1210.00	1220.00	
Room1:
12.00	-18.81	-18.70	-18.48	-18.37	-18.26	-18.15	10.80	nan	nan	
Room2:
-17.71	11.20	nan	nan	
Room3:
-17.27	11.60	nan	nan	

Sat Jan 10 16:39:14 2015
Room1 Light:
1190.00	1200.00	1210.00	1220.00	
Room1:
12.00	-18.81	-18.70	-18.48	-18.37	-18.26	-18.15	10.80	nan	nan	
Room2:
-17.71	11.20	nan	nan	
Room3:
-17.27	11.60	nan	nan	

Sat Jan 10 16:39:29 2015
Room1 Light:
1190.00	1200.00	1210.00	1220.00	
Room1:
12.00	-18.81	-18.70	-18.48	-18.37	-18.26	-18.15	10.80	nan	nan	
Room2:
-17.71	11.20	nan	nan	
Room3:
-17.27	11.60	nan	nan	

Sat Jan 10 16:43:08 2015
Room1 Light:
1190.00	1200.00	1210.00	1220.00	
Room1:
12.00	-18.81	-18.70	-18.48	-18.37	-18.26	-18.15	10.80	nan	nan	
Room2:
-17.71	11.20	nan	nan	
Room3:
-17.27	11.60	nan	nan	

Sat Jan 10 16:43:17 2015
Room1 Light:
1190.00	1200.00	1210.00	1220.00	
Room1:
12.00	-18.81	-18.70	-18.48	-18.37	-18.26	-18.15	10.80	nan	nan	
Room2:
-17.71	11.20	nan	nan	
Room3:
-17.27	11.60	nan	nan	

Sat Jan 10 16:43:26 2015
Room1 Light:
1190.00	1200.00	1210.00	1220.00	
Room1:
12.00	-18.81	-18.70	-18.48	-18.37	-18.26	-18.15	10.80	nan	nan	
Room2:
-17.71	11.20	nan	nan	
Room3:
-17.27	11.60	nan	nan	

Sat Jan 10 16:45:04 2015
Room1 Light:
1190.00	1200.00	1210.00	1220.00	
Room1:
12.00	-18.81	-18.70	-18.48	-18.37	-18.26	-18.15	10.80	nan	nan	
Room2:
-17.71	11.20	nan	nan	
Room3:
-17.27	11.60	nan	nan	

Sat Jan 10 16:45:13 2015
Room1 Light:
1190.00	1200.00	1210.00	1220.00	
Room1:
12.00	-18.81	-18.70	-18.48	-18.37	-18.26	-18.15	10.80	nan	nan	
Room2:
-17.71	11.20	nan	nan	
Room3:
-17.27	11.60	nan	nan	

Sat Jan 10 16:50:32 2015
Room1 Light:
1190.00	1200.00	1210.00	1220.00	
Room1:
12.00	-18.81	-18.70	-18.48	-18.37	-18.26	-18.15	10.80	nan	nan	
Room2:
-17.71	11.20	nan	nan	
Room3:
-17.27	11.60	nan	nan	

Sat Jan 10 16:52:03 2015
Room1 Light:
1190.00	1200.00	1210.00	1220.00	
Room1:
12.00	-18.81	-18.70	-18.48	-18.37	-18.26	-18.15	10.80	nan	nan	
Room2:
-17.71	11.20	nan	nan	
Room3:
-17.27	11.60	nan	nan	

Sat Jan 10 16:54:02 2015
Room1 Light:
1190.00	1200.00	1210.00	1220.00	
Room1:
12.00	-18.81	-18.70	-18.48	-18.37	-18.26	-18.15	10.80	nan	nan	
Room2:
-17.71	11.20	nan	nan	
Room3:
-17.27	11.60	nan	nan	

Sat Jan 10 16:54:11 2015
Room1 Light:
1190.00	1200.00	1210.00	1220.00	
Room1:
12.00	-18.81	-18.70	-18.48	-18.37	-18.26	-18.15	10.80	nan	nan	
Room2:
-17.71	11.20	nan	nan	
Room3:
-17.27	11.60	nan	nan	

Sat Jan 10 16:54:19 2015
Room1 Light:
1190.00	1200.00	1210.00	1220.00	
Room1:
12.00	-18.81	-18.70	-18.48	-18.37	-18.26	-18.15	10.80	nan	nan	
Room2:
-17.71	11.20	nan	nan	
Room3:
-17.27	11.60	nan	nan	

Sat Jan 10 16:54:28 2015
Room1 Light:
1190.00	1200.00	1210.00	1220.00	
Room1:
12.00	-18.81	-18.70	-18.48	-18.37	-18.26	-18.15	10.80	nan	nan	
Room2:
-17.71	11.20	nan	nan	
Room3:
-17.27	11.60	nan	nan	

Sat Jan 10 16:54:36 2015
Room1 Light:
1190.00	1200.00	1210.00	1220.00	
Room1:
12.00	-18.81	-18.70	-18.48	-18.37	-18.26	-18.15	10.80	nan	nan	
Room2:
-17.71	11.20	nan	nan	
Room3:
-17.27	11.60	nan	nan	

Sat Jan 10 16:54:45 2015
Room1 Light:
1190.00	1200.00	1210.00	1220.00	
Room1:
12.00	-18.81	-18.70	-18.48	-18.37	-18.26	-18.15	10.80	nan	nan	
Room2:
-17.71	11.20	nan	nan	
Room3:
-17.27	11.60	nan	nan	

Sat Jan 10 16:54:54 2015
Room1 Light:
1190.00	1200.00	1210.00	1220.00	
Room1:
12.00	-18.81	-18.70	-18.48	-18.37	-18.26	-18.15	10.80	nan	nan	
Room2:
-17.71	11.20	nan	nan	
Room3:
-17.27	11.60	nan	nan	

Sat Jan 10 16:55:02 2015
Room1 Light:
1190.00	1200.00	1210.00	1220.00	
Room1:
12.00	-18.81	-18.70	-18.48	-18.37	-18.26	-18.15	10.80	nan	nan	
Room2:
-17.71	11.20	nan	nan	
Room3:
-17.27	11.60	nan	nan	

Sat Jan 10 16:55:11 2015
Room1 Light:
1190.00	1200.00	1210.00	1220.00	
Room1:
12.00	-18.81	-18.70	-18.48	-18.37	-18.26	-18.15	10.80	nan	nan	
Room2:
-17.71	11.20	nan	nan	
Room3:
-17.27	11.60	nan	nan	

Sat Jan 10 16:57:13 2015
Room1 Light:
1190.00	1200.00	1210.00	1220.00	
Room1:
12.00	-18.81	-18.70	-18.48	-18.37	-18.26	-18.15	10.80	nan	nan	
Room2:
-17.71	11.20	nan	nan	
Room3:
-17.27	11.60	nan	nan	

Sat Jan 10 16:57:24 2015
Room1 Light:
1190.00	1200.00	1210.00	1220.00	
Room1:
12.00	-18.81	-18.70	-18.48	-18.37	-18.26	-18.15	10.80	nan	nan	
Room2:
-17.71	11.20	nan	nan	
Room3:
-17.27	11.60	nan	nan	

Sat Jan 10 16:57:35 2015
Room1 Light:
1190.00	1200.00	1210.00	1220.00	
Room1:
12.00	-18.81	-18.70	-18.48	-18.37	-18.26	-18.15	10.80	nan	nan	
Room2:
-17.71	11.20	nan	nan	
Room3:
-17.27	11.60	nan	nan	

Sat Jan 10 16:58:53 2015
Room1 Light:
1190.00	1200.00	1210.00	1220.00	
Room1:
12.00	-18.81	-18.70	-18.48	-18.37	-18.26	-18.15	10.80	nan	nan	
Room2:
-17.71	11.20	nan	nan	
Room3:
-17.27	11.60	nan	nan	

Sat Jan 10 16:59:04 2015
Room1 Light:
1190.00	1200.00	1210.00	1220.00	
Room1:
12.00	-18.81	-18.70	-18.48	-18.37	-18.26	-18.15	10.80	nan	nan	
Room2:
-17.71	11.20	nan	nan	
Room3:
-17.27	11.60	nan	nan	

Sat Jan 10 16:59:14 2015
Room1 Light:
1190.00	1200.00	1210.00	1220.00	
Room1:
12.00	-18.81	-18.70	-18.48	-18.37	-18.26	-18.15	10.80	nan	nan	
Room2:
-17.71	11.20	nan	nan	
Room3:
-17.27	11.60	nan	nan	

Sat Jan 10 16:59:25 2015
Room1 Light:
1190.00	1200.00	1210.00	1220.00	
Room1:
12.00	-18.81	-18.70	-18.48	-18.37	-18.26	-18.15	10.80	nan	nan	
Room2:
-17.71	11.20	nan	nan	
Room3:
-17.27	11.60	nan	nan	

Sat Jan 10 16:59:35 2015
Room1 Light:
1190.00	1200.00	1210.00	1220.00	
Room1:
12.00	-18.81	-18.70	-18.48	-18.37	-18.26	-18.15	10.80	nan	nan	
Room2:
-17.71	11.20	nan	nan	
Room3:
-17.27	11.60	nan	nan	

Sat Jan 10 16:59:46 2015
Room1 Light:
1190.00	1200.00	1210.00	1220.00	
Room1:
12.00	-18.81	-18.70	-18.48	-18.37	-18.26	-18.15	10.80	nan	nan	
Room2:
-17.71	11.20	nan	nan	
Room3:
-17.27	11.60	nan	nan	

Sat Jan 10 17:03:32 2015
Room1 Light:
1190.00	1200.00	1210.00	1220.00	
Room1:
12.00	-18.81	-18.70	-18.48	-18.37	-18.26	-18.15	10.80	nan	nan	
Room2:
-17.71	11.20	nan	nan	
Room3:
-17.27	11.60	nan	nan	

Sat Jan 10 17:03:52 2015
Room1 Light:
1190.00	1200.00	1210.00	1220.00	
Room1:
12.00	-18.81	-18.70	-18.48	-18.37	-18.26	-18.15	10.80	nan	nan	
Room2:
-17.71	11.20	nan	nan	
Room3:
-17.27	11.60	nan	nan	

Sat Jan 10 17:04:13 2015
Room1 Light:
1190.00	1200.00	1210.00	1220.00	
Room1:
12.00	-18.81	-18.70	-18.48	-18.37	-18.26	-18.15	10.80	nan	nan	
Room2:
-17.71	11.20	nan	nan	
Room3:
-17.27	11.60	nan	nan	

Sat Jan 10 19:39:31 2015
Room1 Light:
1190.00	1200.00	1210.00	1220.00	
Room1:
12.00	-18.81	-18.70	-18.48	-18.37	-18.26	-18.15	10.80	nan	nan	
Sat Jan 10 20:07:46 2015
Room1 Light:
1190.00	1200.00	1210.00	1220.00	
Room1:
12.00	-18.81	-18.70	-18.48	-18.37	-18.26	-18.15	10.80	nan	nan	
Sat Jan 10 20:12:52 2015
Room1 Light:
1190.00	1200.00	1210.00	1220.00	
Room1:
12.00	-18.81	-18.70	-18.48	-18.37	-18.26	-18.15	10.80	nan	nan	
Sat Jan 10 20:31:41 2015
Room1 Light:
1190.00	1200.00	1210.00	1220.00	
Room1:
12.00	-18.81	-18.70	-18.48	-18.37	-18.26	-18.15	10.80	nan	nan	
Sat Jan 10 20:32:19 2015
Room1 Light:
1190.00	1200.00	1210.00	1220.00	
Room1:
12.00	-18.81	-18.70	-18.48	-18.37	-18.26	-18.15	10.80	nan	nan	
Sat Jan 10 21:25:52 2015
Room1 Light:
1190.00	1200.00	1210.00	1220.00	
Room1:
12.00	-18.81	-18.70	-18.48	-18.37	-18.26	-18.15	10.80	nan	nan	
Sat Jan 10 21:27:01 2015
Room1 Light:
1190.00	1200.00	1210.00	1220.00	
Room1:
12.00	-18.81	-18.70	-18.48	-18.37	-18.26	-18.15	10.80	nan	nan	
Sat Jan 10 21:27:31 2015
Room1 Light:
1190.00	1200.00	1210.00	1220.00	
Room1:
12.00	-18.81	-18.70	-18.48	-18.37	-18.26	-18.15	10.80	nan	nan	
Sat Jan 10 21:28:03 2015
Room1 Light:
1190.00	1200.00	1210.00	1220.00	
Room1:
12.00	-18.81	-18.70	-18.48	-18.37	-18.26	-18.15	10.80	nan	nan	
Sun Jan 11 10:24:15 2015
Room1 Light:
1190.00	1200.00	1210.00	1220.00	
Room1:
12.00	-18.81	-18.70	-18.48	-18.37	-18.26	-18.15	10.80	nan	nan	
Room2:
-17.71	11.20	nan	nan	
Room3:
-17.27	11.60	nan	nan	

Sun Jan 11 10:24:36 2015
Room1 Light:
1190.00	1200.00	1210.00	1220.00	
Room1:
12.00	-18.81	-18.70	-18.48	-18.37	-18.26	-18.15	10.80	nan	nan	
Room2:
-17.71	11.20	nan	nan	
Room3:
-17.27	11.60	nan	nan	

Sun Jan 11 10:24:56 2015
Room1 Light:
1190.00	1200.00	1210.00	1220.00	
Room1:
12.00	-18.81	-18.70	-18.48	-18.37	-18.26	-18.15	10.80	nan	nan	
Room2:
-17.71	11.20	nan	nan	
Room3:
-17.27	11.60	nan	nan	

Sun Jan 11 10:25:38 2015
Room1 Light:
1190.00	1200.00	1210.00	1220.00	
Room1:
12.00	-18.81	-18.70	-18.48	-18.37	-18.26	-18.15	10.80	nan	nan	
Room2:
-17.71	11.20	nan	nan	
Room3:
-17.27	11.60	nan	nan	

Sun Jan 11 10:25:58 2015
Room1 Light:
1190.00	1200.00	1210.00	1220.00	
Room1:
12.00	-18.81	-18.70	-18.48	-18.37	-18.26	-18.15	10.80	nan	nan	
Room2:
-17.71	11.20	nan	nan	
Room3:
-17.27	11.60	nan	nan	

Sun Jan 11 10:26:19 2015
Room1 Light:
1190.00	1200.00	1210.00	1220.00	
Room1:
12.00	-18.81	-18.70	-18.48	-18.37	-18.26	-18.15	10.80	nan	nan	
Room2:
-17.71	11.20	nan	nan	
Room3:
-17.27	11.60	nan	nan	

Sun Jan 11 10:28:14 2015
Room1 Light:
1190.00	1200.00	1210.00	1220.00	
Room1:
12.00	-18.81	-18.70	-18.48	-18.37	-18.26	-18.15	10.80	nan	nan	
Room2:
-17.71	11.20	nan	nan	
Room3:
-17.27	11.60	nan	nan	

Sun Jan 11 10:28:35 2015
Room1 Light:
1190.00	1200.00	1210.00	1220.00	
Room1:
12.00	-18.81	-18.70	-18.48	-18.37	-18.26	-18.15	10.80	nan	nan	
Room2:
-17.71	11.20	nan	nan	
Room3:
-17.27	11.60	nan	nan	

Sun Jan 11 10:48:15 2015
Room1 Light:
1190.00	1200.00	1210.00	1220.00	
Room1:
12.00	-18.81	-18.70	-18.48	-18.37	-18.26	-18.15	10.80	nan	nan	
Sun Jan 11 10:51:58 2015
Room1 Light:
1190.00	1200.00	1210.00	1220.00	
Room1:
12.00	-18.81	-18.70	-18.48	-18.37	-18.26	-18.15	10.80	nan	nan	
Sun Jan 11 10:53:27 2015
Room1 Light:
1190.00	1200.00	1210.00	1220.00	
Room1:
12.00	-18.81	-18.70	-18.48	-18.37	-18.26	-18.15	10.80	nan	nan	
Sun Jan 11 10:55:58 2015
Room1 Light:
1190.00	1200.00	1210.00	1220.00	
Room1:
12.00	-18.81	-18.70	-18.48	-18.37	-18.26	-18.15	10.80	nan	nan	
Sun Jan 11 10:56:30 2015
Room1 Light:
1190.00	1200.00	1210.00	1220.00	
Room1:
12.00	-18.81	-18.70	-18.48	-18.37	-18.26	-18.15	10.80	nan	nan	
Sun Jan 11 10:57:26 2015
Room1 Light:
1190.00	1200.00	1210.00	1220.00	
Room1:
12.00	-18.81	-18.70	-18.48	-18.37	-18.26	-18.15	10.80	nan	nan	
Sun Jan 11 10:59:08 2015
Room1 Light:
1190.00	1200.00	1210.00	1220.00	
Room1:
12.00	-18.81	-18.70	-18.48	-18.37	-18.26	-18.15	10.80	nan	nan	
Sun Jan 11 11:05:12 2015
Room1 Light:
1190.00	1200.00	1210.00	1220.00	
Room1:
12.00	-18.81	-18.70	-18.48	-18.37	-18.26	-18.15	10.80	nan	nan	
Sun Jan 11 11:07:10 2015
Room1 Light:
1190.00	1200.00	1210.00	1220.00	
Room1:
12.00	-18.81	-18.70	-18.48	-18.37	-18.26	-18.15	10.80	nan	nan	
Sun Jan 11 11:09:13 2015
Room1 Light:
1190.00	1200.00	1210.00	1220.00	
Room1:
12.00	-18.81	-18.70	-18.48	-18.37	-18.26	-18.15	10.80	nan	nan	
Sun Jan 11 11:11:01 2015
Room1 Light:
1190.00	1200.00	1210.00	1220.00	
Room1:
12.00	-18.81	-18.70	-18.48	-18.37	-18.26	-18.15	10.80	nan	nan	
Sun Jan 11 11:17:04 2015
Room1 Light:
1190.00	1200.00	1210.00	1220.00	
Room1:
12.00	-18.81	-18.70	-18.48	-18.37	-18.26	-18.15	10.80	nan	nan	
Sun Jan 11 11:17:48 2015
Room1 Light:
1190.00	1200.00	1210.00	1220.00	
Room1:
12.00	-18.81	-18.70	-18.48	-18.37	-18.26	-18.15	10.80	nan	nan	
Sun Jan 11 12:27:02 2015
Room1 Light:
1190.00	1200.00	1210.00	1220.00	
Room1:
12.00	-18.81	-18.70	-18.48	-18.37	-18.26	-18.15	10.80	nan	nan	
Room2:
-17.71	11.20	nan	nan	
Room3:
-17.27	11.60	nan	nan	

Sun Jan 11 12:28:19 2015
Room1 Light:
1190.00	1200.00	1210.00	1220.00	
Room1:
12.00	-18.81	-18.70	-18.48	-18.37	-18.26	-18.15	10.80	nan	nan	
Room2:
-17.71	11.20	nan	nan	
Room3:
-17.27	11.60	nan	nan	

Sun Jan 11 12:28:40 2015
Room1 Light:
1190.00	1200.00	1210.00	1220.00	
Room1:
12.00	-18.81	-18.70	-18.48	-18.37	-18.26	-18.15	10.80	nan	nan	
Room2:
-17.71	11.20	nan	nan	
Room3:
-17.27	11.60	nan	nan	

Sun Jan 11 12:29:01 2015
Room1 Light:
1190.00	1200.00	1210.00	1220.00	
Room1:
12.00	-18.81	-18.70	-18.48	-18.37	-18.26	-18.15	10.80	nan	nan	
Room2:
-17.71	11.20	nan	nan	
Room3:
-17.27	11.60	nan	nan	

Sun Jan 11 12:33:47 2015
Room1 Light:
1190.00	1200.00	1210.00	1220.00	
Room1:
12.00	-18.81	-18.70	-18.48	-18.37	-18.26	-18.15	10.80	nan	nan	
Room2:
-17.71	11.20	nan	nan	
Room3:
-17.27	11.60	nan	nan	

Sun Jan 11 12:34:03 2015
Room1 Light:
1190.00	1200.00	1210.00	1220.00	
Room1:
12.00	-18.81	-18.70	-18.48	-18.37	-18.26	-18.15	10.80	nan	nan	
Room2:
-17.71	11.20	nan	nan	
Room3:
-17.27	11.60	nan	nan	

Sun Jan 11 12:34:15 2015
Room1 Light:
1190.00	1200.00	1210.00	1220.00	
Room1:
12.00	-18.81	-18.70	-18.48	-18.37	-18.26	-18.15	10.80	nan	nan	
Room2:
-17.71	11.20	nan	nan	
Room3:
-17.27	11.60	nan	nan	

Sun Jan 11 12:34:27 2015
Room1 Light:
1190.00	1200.00	1210.00	1220.00	
Room1:
12.00	-18.81	-18.70	-18.48	-18.37	-18.26	-18.15	10.80	nan	nan	
Room2:
-17.71	11.20	nan	nan	
Room3:
-17.27	11.60	nan	nan	

Sun Jan 11 12:34:38 2015
Room1 Light:
1190.00	1200.00	1210.00	1220.00	
Room1:
12.00	-18.81	-18.70	-18.48	-18.37	-18.26	-18.15	10.80	nan	nan	
Room2:
-17.71	11.20	nan	nan	
Room3:
-17.27	11.60	nan	nan	

Sun Jan 11 12:36:34 2015
Room1 Light:
1190.00	1200.00	1210.00	1220.00	
Room1:
12.00	-18.81	-18.70	-18.48	-18.37	-18.26	-18.15	10.80	nan	nan	
Room2:
-17.71	11.20	nan	nan	
Room3:
-17.27	11.60	nan	nan	

Sun Jan 11 12:36:42 2015
Room1 Light:
1190.00	1200.00	1210.00	1220.00	
Room1:
12.00	-18.81	-18.70	-18.48	-18.37	-18.26	-18.15	10.80	nan	nan	
Room2:
-17.71	11.20	nan	nan	
Room3:
-17.27	11.60	nan	nan	

Sun Jan 11 12:36:51 2015
Room1 Light:
1190.00	1200.00	1210.00	1220.00	
Room1:
12.00	-18.81	-18.70	-18.48	-18.37	-18.26	-18.15	10.80	nan	nan	
Room2:
-17.71	11.20	nan	nan	
Room3:
-17.27	11.60	nan	nan	

Sun Jan 11 12:36:59 2015
Room1 Light:
1190.00	1200.00	1210.00	1220.00	
Room1:
12.00	-18.81	-18.70	-18.48	-18.37	-18.26	-18.15	10.80	nan	nan	
Room2:
-17.71	11.20	nan	nan	
Room3:
-17.27	11.60	nan	nan	

Sun Jan 11 12:40:41 2015
Room1 Light:
1190.00	1200.00	1210.00	1220.00	
Room1:
12.00	-18.81	-18.70	-18.48	-18.37	-18.26	-18.15	10.80	nan	nan	
Room2:
-17.71	11.20	nan	nan	
Room3:
-17.27	11.60	nan	nan	

Sun Jan 11 12:40:50 2015
Room1 Light:
1190.00	1200.00	1210.00	1220.00	
Room1:
12.00	-18.81	-18.70	-18.48	-18.37	-18.26	-18.15	10.80	nan	nan	
Room2:
-17.71	11.20	nan	nan	
Room3:
-17.27	11.60	nan	nan	

Sun Jan 11 12:40:58 2015
Room1 Light:
1190.00	1200.00	1210.00	1220.00	
Room1:
12.00	-18.81	-18.70	-18.48	-18.37	-18.26	-18.15	10.80	nan	nan	
Room2:
-17.71	11.20	nan	nan	
Room3:
-17.27	11.60	nan	nan	

Sun Jan 11 12:43:20 2015
Room1 Light:
1190.00	1200.00	1210.00	1220.00	
Room1:
12.00	-18.81	-18.70	-18.48	-18.37	-18.26	-18.15	10.80	nan	nan	
Room2:
-17.71	11.20	nan	nan	
Room3:
-17.27	11.60	nan	nan	

Sun Jan 11 12:43:28 2015
Room1 Light:
1190.00	1200.00	1210.00	1220.00	
Room1:
12.00	-18.81	-18.70	-18.48	-18.37	-18.26	-18.15	10.80	nan	nan	
Room2:
-17.71	11.20	nan	nan	
Room3:
-17.27	11.60	nan	nan	

Sun Jan 11 12:44:02 2015
Room1 Light:
1190.00	1200.00	1210.00	1220.00	
Room1:
12.00	-18.81	-18.70	-18.48	-18.37	-18.26	-18.15	10.80	nan	nan	
Room2:
-17.71	11.20	nan	nan	
Room3:
-17.27	11.60	nan	nan	

Sun Jan 11 12:44:10 2015
Room1 Light:
1190.00	1200.00	1210.00	1220.00	
Room1:
12.00	-18.81	-18.70	-18.48	-18.37	-18.26	-18.15	10.80	nan	nan	
Room2:
-17.71	11.20	nan	nan	
Room3:
-17.27	11.60	nan	nan	

Sun Jan 11 12:44:19 2015
Room1 Light:
1190.00	1200.00	1210.00	1220.00	
Room1:
12.00	-18.81	-18.70	-18.48	-18.37	-18.26	-18.15	10.80	nan	nan	
Room2:
-17.71	11.20	nan	nan	
Room3:
-17.27	11.60	nan	nan	

Sun Jan 11 12:44:28 2015
Room1 Light:
1190.00	1200.00	1210.00	1220.00	
Room1:
12.00	-18.81	-18.70	-18.48	-18.37	-18.26	-18.15	10.80	nan	nan	
Room2:
-17.71	11.20	nan	nan	
Room3:
-17.27	11.60	nan	nan	

Sun Jan 11 12:44:36 2015
Room1 Light:
1190.00	1200.00	1210.00	1220.00	
Room1:
12.00	-18.81	-18.70	-18.48	-18.37	-18.26	-18.15	10.80	nan	nan	
Room2:
-17.71	11.20	nan	nan	
Room3:
-17.27	11.60	nan	nan	

Sun Jan 11 12:45:21 2015
Room1 Light:
1190.00	1200.00	1210.00	1220.00	
Room1:
12.00	-18.81	-18.70	-18.48	-18.37	-18.26	-18.15	10.80	nan	nan	
Room2:
-17.71	11.20	nan	nan	
Room3:
-17.27	11.60	nan	nan	

Sun Jan 11 12:45:30 2015
Room1 Light:
1190.00	1200.00	1210.00	1220.00	
Room1:
12.00	-18.81	-18.70	-18.48	-18.37	-18.26	-18.15	10.80	nan	nan	
Room2:
-17.71	11.20	nan	nan	
Room3:
-17.27	11.60	nan	nan	

Sun Jan 11 12:45:38 2015
Room1 Light:
1190.00	1200.00	1210.00	1220.00	
Room1:
12.00	-18.81	-18.70	-18.48	-18.37	-18.26	-18.15	10.80	nan	nan	
Room2:
-17.71	11.20	nan	nan	
Room3:
-17.27	11.60	nan	nan	

Sun Jan 11 12:45:55 2015
Room1 Light:
1190.00	1200.00	1210.00	1220.00	
Room1:
12.00	-18.81	-18.70	-18.48	-18.37	-18.26	-18.15	10.80	nan	nan	
Room2:
-17.71	11.20	nan	nan	
Room3:
-17.27	11.60	nan	nan	

Sun Jan 11 12:46:03 2015
Room1 Light:
1190.00	1200.00	1210.00	1220.00	
Room1:
12.00	-18.81	-18.70	-18.48	-18.37	-18.26	-18.15	10.80	nan	nan	
Room2:
-17.71	11.20	nan	nan	
Room3:
-17.27	11.60	nan	nan	

Sun Jan 11 12:46:12 2015
Room1 Light:
1190.00	1200.00	1210.00	1220.00	
Room1:
12.00	-18.81	-18.70	-18.48	-18.37	-18.26	-18.15	10.80	nan	nan	
Room2:
-17.71	11.20	nan	nan	
Room3:
-17.27	11.60	nan	nan	

Sun Jan 11 12:47:50 2015
Room1 Light:
1190.00	1200.00	1210.00	1220.00	
Room1:
12.00	-18.81	-18.70	-18.48	-18.37	-18.26	-18.15	10.80	nan	nan	
Room2:
-17.71	11.20	nan	nan	
Room3:
-17.27	11.60	nan	nan	

Sun Jan 11 12:47:58 2015
Room1 Light:
1190.00	1200.00	1210.00	1220.00	
Room1:
12.00	-18.81	-18.70	-18.48	-18.37	-18.26	-18.15	10.80	nan	nan	
Room2:
-17.71	11.20	nan	nan	
Room3:
-17.27	11.60	nan	nan	

Sun Jan 11 12:48:05 2015
Room1 Light:
1190.00	1200.00	1210.00	1220.00	
Room1:
12.00	-18.81	-18.70	-18.48	-18.37	-18.26	-18.15	10.80	nan	nan	
Room2:
-17.71	11.20	nan	nan	
Room3:
-17.27	11.60	nan	nan	

Sun Jan 11 12:53:13 2015
Room1 Light:
1190.00	1200.00	1210.00	1220.00	
Room1:
12.00	-18.81	-18.70	-18.48	-18.37	-18.26	-18.15	10.80	nan	nan	
Room2:
-17.71	11.20	nan	nan	
Room3:
-17.27	11.60	nan	nan	

Sun Jan 11 12:53:21 2015
Room1 Light:
1190.00	1200.00	1210.00	1220.00	
Room1:
12.00	-18.81	-18.70	-18.48	-18.37	-18.26	-18.15	10.80	nan	nan	
Room2:
-17.71	11.20	nan	nan	
Room3:
-17.27	11.60	nan	nan	

Sun Jan 11 12:54:09 2015
Room1 Light:
1190.00	1200.00	1210.00	1220.00	
Room1:
12.00	-18.81	-18.70	-18.48	-18.37	-18.26	-18.15	10.80	nan	nan	
Sun Jan 11 12:56:15 2015
Room1 Light:
1190.00	1200.00	1210.00	1220.00	
Room1:
12.00	-18.81	-18.70	-18.48	-18.37	-18.26	-18.15	10.80	nan	nan	
Sun Jan 11 12:56:44 2015
Room1 Light:
1190.00	1200.00	1210.00	1220.00	
Room1:
12.00	-18.81	-18.70	-18.48	-18.37	-18.26	-18.15	10.80	nan	nan	
Sun Jan 11 12:58:22 2015
Room1 Light:
1190.00	1200.00	1210.00	1220.00	
Room1:
12.00	-18.81	-18.70	-18.48	-18.37	-18.26	-18.15	10.80	nan	nan	
Sun Jan 11 12:59:01 2015
Room1 Light:
1190.00	1200.00	1210.00	1220.00	
Room1:
12.00	-18.81	-18.70	-18.48	-18.37	-18.26	-18.15	10.80	nan	nan	
Sun Jan 11 13:01:26 2015
Room1 Light:
1190.00	1200.00	1210.00	1220.00	
Room1:
12.00	-18.81	-18.70	-18.48	-18.37	-18.26	-18.15	10.80	nan	nan	
Sun Jan 11 13:03:50 2015
Room1 Light:
1190.00	1200.00	1210.00	1220.00	
Room1:
12.00	-18.81	-18.70	-18.48	-18.37	-18.26	-18.15	10.80	nan	nan	
Sun Jan 11 13:04:46 2015
Room1 Light:
1190.00	1200.00	1210.00	1220.00	
Room1:
12.00	-18.81	-18.70	-18.48	-18.37	-18.26	-18.15	10.80	nan	nan	
Room2:
-17.71	11.20	nan	nan	
Room3:
-17.27	11.60	nan	nan	

Sun Jan 11 13:09:38 2015
Room1 Light:
1190.00	1200.00	1210.00	1220.00	
Room1:
12.00	-18.81	-18.70	-18.48	-18.37	-18.26	-18.15	10.80	nan	nan	
Room2:
-17.71	11.20	nan	nan	
Room3:
-17.27	11.60	nan	nan	

Sun Jan 11 13:09:46 2015
Room1 Light:
1190.00	1200.00	1210.00	1220.00	
Room1:
12.00	-18.81	-18.70	-18.48	-18.37	-18.26	-18.15	10.80	nan	nan	
Room2:
-17.71	11.20	nan	nan	
Room3:
-17.27	11.60	nan	nan	

Sun Jan 11 13:12:37 2015
Room1 Light:
1190.00	1200.00	1210.00	1220.00	
Room1:
12.00	-18.81	-18.70	-18.48	-18.37	-18.26	-18.15	10.80	nan	nan	
Room2:
-17.71	11.20	nan	nan	
Room3:
-17.27	11.60	nan	nan	

Sun Jan 11 13:12:45 2015
Room1 Light:
1190.00	1200.00	1210.00	1220.00	
Room1:
12.00	-18.81	-18.70	-18.48	-18.37	-18.26	-18.15	10.80	nan	nan	
Room2:
-17.71	11.20	nan	nan	
Room3:
-17.27	11.60	nan	nan	

Sun Jan 11 13:12:54 2015
Room1 Light:
1190.00	1200.00	1210.00	1220.00	
Room1:
12.00	-18.81	-18.70	-18.48	-18.37	-18.26	-18.15	10.80	nan	nan	
Room2:
-17.71	11.20	nan	nan	
Room3:
-17.27	11.60	nan	nan	

Sun Jan 11 13:13:03 2015
Room1 Light:
1190.00	1200.00	1210.00	1220.00	
Room1:
12.00	-18.81	-18.70	-18.48	-18.37	-18.26	-18.15	10.80	nan	nan	
Room2:
-17.71	11.20	nan	nan	
Room3:
-17.27	11.60	nan	nan	

Sun Jan 11 13:13:44 2015
Room1 Light:
1190.00	1200.00	1210.00	1220.00	
Room1:
12.00	-18.81	-18.70	-18.48	-18.37	-18.26	-18.15	10.80	nan	nan	
Room2:
-17.71	11.20	nan	nan	
Room3:
-17.27	11.60	nan	nan	

Sun Jan 11 13:13:52 2015
Room1 Light:
1190.00	1200.00	1210.00	1220.00	
Room1:
12.00	-18.81	-18.70	-18.48	-18.37	-18.26	-18.15	10.80	nan	nan	
Room2:
-17.71	11.20	nan	nan	
Room3:
-17.27	11.60	nan	nan	

Sun Jan 11 13:17:59 2015
Room1 Light:
1190.00	1200.00	1210.00	1220.00	
Room1:
12.00	-18.81	-18.70	-18.48	-18.37	-18.26	-18.15	10.80	nan	nan	
Room2:
-17.71	11.20	nan	nan	
Room3:
-17.27	11.60	nan	nan	

Sun Jan 11 13:18:08 2015
Room1 Light:
1190.00	1200.00	1210.00	1220.00	
Room1:
12.00	-18.81	-18.70	-18.48	-18.37	-18.26	-18.15	10.80	nan	nan	
Room2:
-17.71	11.20	nan	nan	
Room3:
-17.27	11.60	nan	nan	

Sun Jan 11 13:18:16 2015
Room1 Light:
1190.00	1200.00	1210.00	1220.00	
Room1:
12.00	-18.81	-18.70	-18.48	-18.37	-18.26	-18.15	10.80	nan	nan	
Room2:
-17.71	11.20	nan	nan	
Room3:
-17.27	11.60	nan	nan	

Sun Jan 11 13:21:00 2015
Room1 Light:
1190.00	1200.00	1210.00	1220.00	
Room1:
12.00	-18.81	-18.70	-18.48	-18.37	-18.26	-18.15	10.80	nan	nan	
Room2:
-17.71	11.20	nan	nan	
Room3:
-17.27	11.60	nan	nan	

Sun Jan 11 13:21:14 2015
Room1 Light:
1190.00	1200.00	1210.00	1220.00	
Room1:
12.00	-18.81	-18.70	-18.48	-18.37	-18.26	-18.15	10.80	nan	nan	
Room2:
-17.71	11.20	nan	nan	
Room3:
-17.27	11.60	nan	nan	

Sun Jan 11 13:32:11 2015
Room1 Light:
1190.00	1200.00	1210.00	1220.00	
Room1:
12.00	-18.81	-18.70	-18.48	-18.37	-18.26	-18.15	10.80	nan	nan	
Room2:
-17.71	11.20	nan	nan	
Room3:
-17.27	11.60	nan	nan	

Sun Jan 11 13:32:20 2015
Room1 Light:
1190.00	1200.00	1210.00	1220.00	
Room1:
12.00	-18.81	-18.70	-18.48	-18.37	-18.26	-18.15	10.80	nan	nan	
Room2:
-17.71	11.20	nan	nan	
Room3:
-17.27	11.60	nan	nan	

Sun Jan 11 13:32:28 2015
Room1 Light:
1190.00	1200.00	1210.00	1220.00	
Room1:
12.00	-18.81	-18.70	-18.48	-18.37	-18.26	-18.15	10.80	nan	nan	
Room2:
-17.71	11.20	nan	nan	
Room3:
-17.27	11.60	nan	nan	

Sun Jan 11 13:32:37 2015
Room1 Light:
1190.00	1200.00	1210.00	1220.00	
Room1:
12.00	-18.81	-18.70	-18.48	-18.37	-18.26	-18.15	10.80	nan	nan	
Room2:
-17.71	11.20	nan	nan	
Room3:
-17.27	11.60	nan	nan	

Sun Jan 11 13:32:46 2015
Room1 Light:
1190.00	1200.00	1210.00	1220.00	
Room1:
12.00	-18.81	-18.70	-18.48	-18.37	-18.26	-18.15	10.80	nan	nan	
Room2:
-17.71	11.20	nan	nan	
Room3:
-17.27	11.60	nan	nan	

Sun Jan 11 13:32:54 2015
Room1 Light:
1190.00	1200.00	1210.00	1220.00	
Room1:
12.00	-18.81	-18.70	-18.48	-18.37	-18.26	-18.15	10.80	nan	nan	
Room2:
-17.71	11.20	nan	nan	
Room3:
-17.27	11.60	nan	nan	

Sun Jan 11 13:34:29 2015
Room1 Light:
1190.00	1200.00	1210.00	1220.00	
Room1:
12.00	-18.81	-18.70	-18.48	-18.37	-18.26	-18.15	10.80	nan	nan	
Room2:
-17.71	11.20	nan	nan	
Room3:
-17.27	11.60	nan	nan	

Sun Jan 11 13:34:38 2015
Room1 Light:
1190.00	1200.00	1210.00	1220.00	
Room1:
12.00	-18.81	-18.70	-18.48	-18.37	-18.26	-18.15	10.80	nan	nan	
Room2:
-17.71	11.20	nan	nan	
Room3:
-17.27	11.60	nan	nan	

Sun Jan 11 13:34:46 2015
Room1 Light:
1190.00	1200.00	1210.00	1220.00	
Room1:
12.00	-18.81	-18.70	-18.48	-18.37	-18.26	-18.15	10.80	nan	nan	
Room2:
-17.71	11.20	nan	nan	
Room3:
-17.27	11.60	nan	nan	

Sun Jan 11 13:36:06 2015
Room1 Light:
1190.00	1200.00	1210.00	1220.00	
Room1:
12.00	-18.81	-18.70	-18.48	-18.37	-18.26	-18.15	10.80	nan	nan	
Room2:
-17.71	11.20	nan	nan	
Room3:
-17.27	11.60	nan	nan	

Sun Jan 11 13:36:15 2015
Room1 Light:
1190.00	1200.00	1210.00	1220.00	
Room1:
12.00	-18.81	-18.70	-18.48	-18.37	-18.26	-18.15	10.80	nan	nan	
Room2:
-17.71	11.20	nan	nan	
Room3:
-17.27	11.60	nan	nan	

Sun Jan 11 13:36:23 2015
Room1 Light:
1190.00	1200.00	1210.00	1220.00	
Room1:
12.00	-18.81	-18.70	-18.48	-18.37	-18.26	-18.15	10.80	nan	nan	
Room2:
-17.71	11.20	nan	nan	
Room3:
-17.27	11.60	nan	nan	

Sun Jan 11 13:36:32 2015
Room1 Light:
1190.00	1200.00	1210.00	1220.00	
Room1:
12.00	-18.81	-18.70	-18.48	-18.37	-18.26	-18.15	10.80	nan	nan	
Room2:
-17.71	11.20	nan	nan	
Room3:
-17.27	11.60	nan	nan	

Sun Jan 11 13:36:41 2015
Room1 Light:
1190.00	1200.00	1210.00	1220.00	
Room1:
12.00	-18.81	-18.70	-18.48	-18.37	-18.26	-18.15	10.80	nan	nan	
Room2:
-17.71	11.20	nan	nan	
Room3:
-17.27	11.60	nan	nan	

Sun Jan 11 13:45:01 2015
Room1 Light:
1190.00	1200.00	1210.00	1220.00	
Room1:
12.00	-18.81	-18.70	-18.48	-18.37	-18.26	-18.15	10.80	nan	nan	
Room2:
-17.71	11.20	nan	nan	
Room3:
-17.27	11.60	nan	nan	

Sun Jan 11 13:45:10 2015
Room1 Light:
1190.00	1200.00	1210.00	1220.00	
Room1:
12.00	-18.81	-18.70	-18.48	-18.37	-18.26	-18.15	10.80	nan	nan	
Room2:
-17.71	11.20	nan	nan	
Room3:
-17.27	11.60	nan	nan	

Sun Jan 11 13:50:47 2015
Room1 Light:
1190.00	1200.00	1210.00	1220.00	
Room1:
12.00	-18.81	-18.70	-18.48	-18.37	-18.26	-18.15	10.80	nan	nan	
Room2:
-17.71	11.20	nan	nan	
Room3:
-17.27	11.60	nan	nan	

Sun Jan 11 13:50:56 2015
Room1 Light:
1190.00	1200.00	1210.00	1220.00	
Room1:
12.00	-18.81	-18.70	-18.48	-18.37	-18.26	-18.15	10.80	nan	nan	
Room2:
-17.71	11.20	nan	nan	
Room3:
-17.27	11.60	nan	nan	

Sun Jan 11 13:51:04 2015
Room1 Light:
1190.00	1200.00	1210.00	1220.00	
Room1:
12.00	-18.81	-18.70	-18.48	-18.37	-18.26	-18.15	10.80	nan	nan	
Room2:
-17.71	11.20	nan	nan	
Room3:
-17.27	11.60	nan	nan	

Sun Jan 11 13:52:57 2015
Room1 Light:
1190.00	1200.00	1210.00	1220.00	
Room1:
12.00	-18.81	-18.70	-18.48	-18.37	-18.26	-18.15	10.80	nan	nan	
Room2:
-17.71	11.20	nan	nan	
Room3:
-17.27	11.60	nan	nan	

Sun Jan 11 13:53:06 2015
Room1 Light:
1190.00	1200.00	1210.00	1220.00	
Room1:
12.00	-18.81	-18.70	-18.48	-18.37	-18.26	-18.15	10.80	nan	nan	
Room2:
-17.71	11.20	nan	nan	
Room3:
-17.27	11.60	nan	nan	

Sun Jan 11 13:58:07 2015
Room1 Light:
1190.00	1200.00	1210.00	1220.00	
Room1:
12.00	-18.81	-18.70	-18.48	-18.37	-18.26	-18.15	10.80	nan	nan	
Room2:
-17.71	11.20	nan	nan	
Room3:
-17.27	11.60	nan	nan	

Sun Jan 11 13:58:16 2015
Room1 Light:
1190.00	1200.00	1210.00	1220.00	
Room1:
12.00	-18.81	-18.70	-18.48	-18.37	-18.26	-18.15	10.80	nan	nan	
Room2:
-17.71	11.20	nan	nan	
Room3:
-17.27	11.60	nan	nan	

Sun Jan 11 13:59:35 2015
Room1 Light:
1190.00	1200.00	1210.00	1220.00	
Room1:
12.00	-18.81	-18.70	-18.48	-18.37	-18.26	-18.15	10.80	nan	nan	
Room2:
-17.71	11.20	nan	nan	
Room3:
-17.27	11.60	nan	nan	

Sun Jan 11 14:00:29 2015
Room1 Light:
1190.00	1200.00	1210.00	1220.00	
Room1:
12.00	-18.81	-18.70	-18.48	-18.37	-18.26	-18.15	10.80	nan	nan	
Room2:
-17.71	11.20	nan	nan	
Room3:
-17.27	11.60	nan	nan	

Sun Jan 11 14:00:38 2015
Room1 Light:
1190.00	1200.00	1210.00	1220.00	
Room1:
12.00	-18.81	-18.70	-18.48	-18.37	-18.26	-18.15	10.80	nan	nan	
Room2:
-17.71	11.20	nan	nan	
Room3:
-17.27	11.60	nan	nan	

Sun Jan 11 14:00:46 2015
Room1 Light:
1190.00	1200.00	1210.00	1220.00	
Room1:
12.00	-18.81	-18.70	-18.48	-18.37	-18.26	-18.15	10.80	nan	nan	
Room2:
-17.71	11.20	nan	nan	
Room3:
-17.27	11.60	nan	nan	

Sun Jan 11 14:07:02 2015
Room1 Light:
1190.00	1200.00	1210.00	1220.00	
Room1:
12.00	-18.81	-18.70	-18.48	-18.37	-18.26	-18.15	10.80	nan	nan	
Room2:
-17.71	11.20	nan	nan	
Room3:
-17.27	11.60	nan	nan	

Sun Jan 11 14:07:10 2015
Room1 Light:
1190.00	1200.00	1210.00	1220.00	
Room1:
12.00	-18.81	-18.70	-18.48	-18.37	-18.26	-18.15	10.80	nan	nan	
Room2:
-17.71	11.20	nan	nan	
Room3:
-17.27	11.60	nan	nan	

Sun Jan 11 14:08:02 2015
Room1 Light:
1190.00	1200.00	1210.00	1220.00	
Room1:
12.00	-18.81	-18.70	-18.48	-18.37	-18.26	-18.15	10.80	nan	nan	
Room2:
-17.71	11.20	nan	nan	
Room3:
-17.27	11.60	nan	nan	

Sun Jan 11 14:08:11 2015
Room1 Light:
1190.00	1200.00	1210.00	1220.00	
Room1:
12.00	-18.81	-18.70	-18.48	-18.37	-18.26	-18.15	10.80	nan	nan	
Room2:
-17.71	11.20	nan	nan	
Room3:
-17.27	11.60	nan	nan	

Sun Jan 11 14:08:20 2015
Room1 Light:
1190.00	1200.00	1210.00	1220.00	
Room1:
12.00	-18.81	-18.70	-18.48	-18.37	-18.26	-18.15	10.80	nan	nan	
Room2:
-17.71	11.20	nan	nan	
Room3:
-17.27	11.60	nan	nan	

Sun Jan 11 14:08:28 2015
Room1 Light:
1190.00	1200.00	1210.00	1220.00	
Room1:
12.00	-18.81	-18.70	-18.48	-18.37	-18.26	-18.15	10.80	nan	nan	
Room2:
-17.71	11.20	nan	nan	
Room3:
-17.27	11.60	nan	nan	

Sun Jan 11 14:10:06 2015
Room1 Light:
1190.00	1200.00	1210.00	1220.00	
Room1:
12.00	-18.81	-18.70	-18.48	-18.37	-18.26	-18.15	10.80	nan	nan	
Room2:
-17.71	11.20	nan	nan	
Room3:
-17.27	11.60	nan	nan	

Sun Jan 11 14:11:31 2015
Room1 Light:
1190.00	1200.00	1210.00	1220.00	
Room1:
12.00	-18.81	-18.70	-18.48	-18.37	-18.26	-18.15	10.80	nan	nan	
Room2:
-17.71	11.20	nan	nan	
Room3:
-17.27	11.60	nan	nan	

Sun Jan 11 14:11:39 2015
Room1 Light:
1190.00	1200.00	1210.00	1220.00	
Room1:
12.00	-18.81	-18.70	-18.48	-18.37	-18.26	-18.15	10.80	nan	nan	
Room2:
-17.71	11.20	nan	nan	
Room3:
-17.27	11.60	nan	nan	

Sun Jan 11 14:11:48 2015
Room1 Light:
1190.00	1200.00	1210.00	1220.00	
Room1:
12.00	-18.81	-18.70	-18.48	-18.37	-18.26	-18.15	10.80	nan	nan	
Room2:
-17.71	11.20	nan	nan	
Room3:
-17.27	11.60	nan	nan	

Sun Jan 11 14:11:57 2015
Room1 Light:
1190.00	1200.00	1210.00	1220.00	
Room1:
12.00	-18.81	-18.70	-18.48	-18.37	-18.26	-18.15	10.80	nan	nan	
Room2:
-17.71	11.20	nan	nan	
Room3:
-17.27	11.60	nan	nan	

Sun Jan 11 14:12:29 2015
Room1 Light:
1190.00	1200.00	1210.00	1220.00	
Room1:
12.00	-18.81	-18.70	-18.48	-18.37	-18.26	-18.15	10.80	nan	nan	
Room2:
-17.71	11.20	nan	nan	
Room3:
-17.27	11.60	nan	nan	

Sun Jan 11 14:12:38 2015
Room1 Light:
1190.00	1200.00	1210.00	1220.00	
Room1:
12.00	-18.81	-18.70	-18.48	-18.37	-18.26	-18.15	10.80	nan	nan	
Sun Jan 11 14:12:42 2015
Room1 Light:
1190.00	1200.00	1210.00	1220.00	
Room1:
12.00	-18.81	-18.70	-18.48	-18.37	-18.26	-18.15	10.80	nan	nan	
Room2:
-17.71	11.20	nan	nan	
Room3:
-17.27	11.60	nan	nan	

Sun Jan 11 14:12:50 2015
Room1 Light:
1190.00	1200.00	1210.00	1220.00	
Room1:
12.00	-18.81	-18.70	-18.48	-18.37	-18.26	-18.15	10.80	nan	nan	
Room2:
-17.71	11.20	nan	nan	
Room3:
-17.27	11.60	nan	nan	

Sun Jan 11 14:12:59 2015
Room1 Light:
1190.00	1200.00	1210.00	1220.00	
Room1:
12.00	-18.81	-18.70	-18.48	-18.37	-18.26	-18.15	10.80	nan	nan	
Room2:
-17.71	11.20	nan	nan	
Room3:
-17.27	11.60	nan	nan	

Sun Jan 11 14:13:08 2015
Room1 Light:
1190.00	1200.00	1210.00	1220.00	
Room1:
12.00	-18.81	-18.70	-18.48	-18.37	-18.26	-18.15	10.80	nan	nan	
Room2:
-17.71	11.20	nan	nan	
Room3:
-17.27	11.60	nan	nan	

Sun Jan 11 14:13:16 2015
Room1 Light:
1190.00	1200.00	1210.00	1220.00	
Room1:
12.00	-18.81	-18.70	-18.48	-18.37	-18.26	-18.15	10.80	nan	nan	
Room2:
-17.71	11.20	nan	nan	
Room3:
-17.27	11.60	nan	nan	

Sun Jan 11 14:14:31 2015
Room1 Light:
1190.00	1200.00	1210.00	1220.00	
Room1:
12.00	-18.81	-18.70	-18.48	-18.37	-18.26	-18.15	10.80	nan	nan	
Room2:
-17.71	11.20	nan	nan	
Room3:
-17.27	11.60	nan	nan	

Sun Jan 11 14:14:40 2015
Room1 Light:
1190.00	1200.00	1210.00	1220.00	
Room1:
12.00	-18.81	-18.70	-18.48	-18.37	-18.26	-18.15	10.80	nan	nan	
Room2:
-17.71	11.20	nan	nan	
Room3:
-17.27	11.60	nan	nan	

Sun Jan 11 14:16:58 2015
Room1 Light:
1190.00	1200.00	1210.00	1220.00	
Room1:
12.00	-18.81	-18.70	-18.48	-18.37	-18.26	-18.15	10.80	nan	nan	
Room2:
-17.71	11.20	nan	nan	
Room3:
-17.27	11.60	nan	nan	

Sun Jan 11 14:17:07 2015
Room1 Light:
1190.00	1200.00	1210.00	1220.00	
Room1:
12.00	-18.81	-18.70	-18.48	-18.37	-18.26	-18.15	10.80	nan	nan	
Room2:
-17.71	11.20	nan	nan	
Room3:
-17.27	11.60	nan	nan	

Sun Jan 11 14:17:16 2015
Room1 Light:
1190.00	1200.00	1210.00	1220.00	
Room1:
12.00	-18.81	-18.70	-18.48	-18.37	-18.26	-18.15	10.80	nan	nan	
Room2:
-17.71	11.20	nan	nan	
Room3:
-17.27	11.60	nan	nan	

Sun Jan 11 14:17:24 2015
Room1 Light:
1190.00	1200.00	1210.00	1220.00	
Room1:
12.00	-18.81	-18.70	-18.48	-18.37	-18.26	-18.15	10.80	nan	nan	
Room2:
-17.71	11.20	nan	nan	
Room3:
-17.27	11.60	nan	nan	

Sun Jan 11 14:17:33 2015
Room1 Light:
1190.00	1200.00	1210.00	1220.00	
Room1:
12.00	-18.81	-18.70	-18.48	-18.37	-18.26	-18.15	10.80	nan	nan	
Room2:
-17.71	11.20	nan	nan	
Room3:
-17.27	11.60	nan	nan	

Sun Jan 11 14:17:42 2015
Room1 Light:
1190.00	1200.00	1210.00	1220.00	
Room1:
12.00	-18.81	-18.70	-18.48	-18.37	-18.26	-18.15	10.80	nan	nan	
Room2:
-17.71	11.20	nan	nan	
Room3:
-17.27	11.60	nan	nan	

Sun Jan 11 14:17:50 2015
Room1 Light:
1190.00	1200.00	1210.00	1220.00	
Room1:
12.00	-18.81	-18.70	-18.48	-18.37	-18.26	-18.15	10.80	nan	nan	
Room2:
-17.71	11.20	nan	nan	
Room3:
-17.27	11.60	nan	nan	

Sun Jan 11 14:17:59 2015
Room1 Light:
1190.00	1200.00	1210.00	1220.00	
Room1:
12.00	-18.81	-18.70	-18.48	-18.37	-18.26	-18.15	10.80	nan	nan	
Room2:
-17.71	11.20	nan	nan	
Room3:
-17.27	11.60	nan	nan	

Sun Jan 11 14:18:07 2015
Room1 Light:
1190.00	1200.00	1210.00	1220.00	
Room1:
12.00	-18.81	-18.70	-18.48	-18.37	-18.26	-18.15	10.80	nan	nan	
Room2:
-17.71	11.20	nan	nan	
Room3:
-17.27	11.60	nan	nan	

Sun Jan 11 14:18:19 2015
Room1 Light:
1190.00	1200.00	1210.00	1220.00	
Room1:
12.00	-18.81	-18.70	-18.48	-18.37	-18.26	-18.15	10.80	nan	nan	
Room2:
-17.71	11.20	nan	nan	
Room3:
-17.27	11.60	nan	nan	

Sun Jan 11 14:18:28 2015
Room1 Light:
1190.00	1200.00	1210.00	1220.00	
Room1:
12.00	-18.81	-18.70	-18.48	-18.37	-18.26	-18.15	10.80	nan	nan	
Room2:
-17.71	11.20	nan	nan	
Room3:
-17.27	11.60	nan	nan	

Sun Jan 11 14:18:36 2015
Room1 Light:
1190.00	1200.00	1210.00	1220.00	
Room1:
12.00	-18.81	-18.70	-18.48	-18.37	-18.26	-18.15	10.80	nan	nan	
Sun Jan 11 14:18:52 2015
Room1 Light:
1190.00	1200.00	1210.00	1220.00	
Room1:
12.00	-18.81	-18.70	-18.48	-18.37	-18.26	-18.15	10.80	nan	nan	
Room2:
-17.71	11.20	nan	nan	
Room3:
-17.27	11.60	nan	nan	

Sun Jan 11 14:19:01 2015
Room1 Light:
1190.00	1200.00	1210.00	1220.00	
Room1:
12.00	-18.81	-18.70	-18.48	-18.37	-18.26	-18.15	10.80	nan	nan	
Room2:
-17.71	11.20	nan	nan	
Room3:
-17.27	11.60	nan	nan	

Sun Jan 11 14:20:01 2015
Room1 Light:
1190.00	1200.00	1210.00	1220.00	
Room1:
12.00	-18.81	-18.70	-18.48	-18.37	-18.26	-18.15	10.80	nan	nan	
Room2:
-17.71	11.20	nan	nan	
Room3:
-17.27	11.60	nan	nan	

Sun Jan 11 14:20:09 2015
Room1 Light:
1190.00	1200.00	1210.00	1220.00	
Room1:
12.00	-18.81	-18.70	-18.48	-18.37	-18.26	-18.15	10.80	nan	nan	
Room2:
-17.71	11.20	nan	nan	
Room3:
-17.27	11.60	nan	nan	

Sun Jan 11 14:20:18 2015
Room1 Light:
1190.00	1200.00	1210.00	1220.00	
Room1:
12.00	-18.81	-18.70	-18.48	-18.37	-18.26	-18.15	10.80	nan	nan	
Room2:
-17.71	11.20	nan	nan	
Room3:
-17.27	11.60	nan	nan	

Sun Jan 11 14:25:08 2015
Room1 Light:
1190.00	1200.00	1210.00	1220.00	
Room1:
12.00	-18.81	-18.70	-18.48	-18.37	-18.26	-18.15	10.80	nan	nan	
Room2:
-17.71	11.20	nan	nan	
Room3:
-17.27	11.60	nan	nan	

Sun Jan 11 14:25:17 2015
Room1 Light:
1190.00	1200.00	1210.00	1220.00	
Room1:
12.00	-18.81	-18.70	-18.48	-18.37	-18.26	-18.15	10.80	nan	nan	
Room2:
-17.71	11.20	nan	nan	
Room3:
-17.27	11.60	nan	nan	

Sun Jan 11 14:25:25 2015
Room1 Light:
1190.00	1200.00	1210.00	1220.00	
Room1:
12.00	-18.81	-18.70	-18.48	-18.37	-18.26	-18.15	10.80	nan	nan	
Room2:
-17.71	11.20	nan	nan	
Room3:
-17.27	11.60	nan	nan	

Sun Jan 11 14:25:34 2015
Room1 Light:
1190.00	1200.00	1210.00	1220.00	
Room1:
12.00	-18.81	-18.70	-18.48	-18.37	-18.26	-18.15	10.80	nan	nan	
Room2:
-17.71	11.20	nan	nan	
Room3:
-17.27	11.60	nan	nan	

Sun Jan 11 14:25:43 2015
Room1 Light:
1190.00	1200.00	1210.00	1220.00	
Room1:
12.00	-18.81	-18.70	-18.48	-18.37	-18.26	-18.15	10.80	nan	nan	
Room2:
-17.71	11.20	nan	nan	
Room3:
-17.27	11.60	nan	nan	

Sun Jan 11 14:25:51 2015
Room1 Light:
1190.00	1200.00	1210.00	1220.00	
Room1:
12.00	-18.81	-18.70	-18.48	-18.37	-18.26	-18.15	10.80	nan	nan	
Sun Jan 11 14:32:49 2015
Room1 Light:
1190.00	1200.00	1210.00	1220.00	
Room1:
12.00	-18.81	-18.70	-18.48	-18.37	-18.26	-18.15	10.80	nan	nan	
Room2:
-17.71	11.20	nan	nan	
Room3:
-17.27	11.60	nan	nan	

Sun Jan 11 14:33:01 2015
Room1 Light:
1190.00	1200.00	1210.00	1220.00	
Room1:
12.00	-18.81	-18.70	-18.48	-18.37	-18.26	-18.15	10.80	nan	nan	
Room2:
-17.71	11.20	nan	nan	
Room3:
-17.27	11.60	nan	nan	

Sun Jan 11 14:33:10 2015
Room1 Light:
1190.00	1200.00	1210.00	1220.00	
Room1:
12.00	-18.81	-18.70	-18.48	-18.37	-18.26	-18.15	10.80	nan	nan	
Room2:
-17.71	11.20	nan	nan	
Room3:
-17.27	11.60	nan	nan	

Sun Jan 11 14:34:25 2015
Room1 Light:
1190.00	1200.00	1210.00	1220.00	
Room1:
12.00	-18.81	-18.70	-18.48	-18.37	-18.26	-18.15	10.80	nan	nan	
Room2:
-17.71	11.20	nan	nan	
Room3:
-17.27	11.60	nan	nan	

Sun Jan 11 14:35:45 2015
Room1 Light:
1190.00	1200.00	1210.00	1220.00	
Room1:
12.00	-18.81	-18.70	-18.48	-18.37	-18.26	-18.15	10.80	nan	nan	
Room2:
-17.71	11.20	nan	nan	
Room3:
-17.27	11.60	nan	nan	

Sun Jan 11 14:35:53 2015
Room1 Light:
1190.00	1200.00	1210.00	1220.00	
Room1:
12.00	-18.81	-18.70	-18.48	-18.37	-18.26	-18.15	10.80	nan	nan	
Room2:
-17.71	11.20	nan	nan	
Room3:
-17.27	11.60	nan	nan	

Sun Jan 11 14:36:02 2015
Room1 Light:
1190.00	1200.00	1210.00	1220.00	
Room1:
12.00	-18.81	-18.70	-18.48	-18.37	-18.26	-18.15	10.80	nan	nan	
Room2:
-17.71	11.20	nan	nan	
Room3:
-17.27	11.60	nan	nan	

Sun Jan 11 14:36:11 2015
Room1 Light:
1190.00	1200.00	1210.00	1220.00	
Room1:
12.00	-18.81	-18.70	-18.48	-18.37	-18.26	-18.15	10.80	nan	nan	
Room2:
-17.71	11.20	nan	nan	
Room3:
-17.27	11.60	nan	nan	

Sun Jan 11 14:44:00 2015
Room1 Light:
1190.00	1200.00	1210.00	1220.00	
Room1:
12.00	-18.81	-18.70	-18.48	-18.37	-18.26	-18.15	10.80	nan	nan	
Room2:
-17.71	11.20	nan	nan	
Room3:
-17.27	11.60	nan	nan	

Sun Jan 11 14:44:09 2015
Room1 Light:
1190.00	1200.00	1210.00	1220.00	
Room1:
12.00	-18.81	-18.70	-18.48	-18.37	-18.26	-18.15	10.80	nan	nan	
Room2:
-17.71	11.20	nan	nan	
Room3:
-17.27	11.60	nan	nan	

Sun Jan 11 14:44:55 2015
Room1 Light:
1190.00	1200.00	1210.00	1220.00	
Room1:
12.00	-18.81	-18.70	-18.48	-18.37	-18.26	-18.15	10.80	nan	nan	
Room2:
-17.71	11.20	nan	nan	
Room3:
-17.27	11.60	nan	nan	

Sun Jan 11 14:47:13 2015
Room1 Light:
1190.00	1200.00	1210.00	1220.00	
Room1:
12.00	-18.81	-18.70	-18.48	-18.37	-18.26	-18.15	10.80	nan	nan	
Room2:
-17.71	11.20	nan	nan	
Room3:
-17.27	11.60	nan	nan	

Sun Jan 11 14:47:21 2015
Room1 Light:
1190.00	1200.00	1210.00	1220.00	
Room1:
12.00	-18.81	-18.70	-18.48	-18.37	-18.26	-18.15	10.80	nan	nan	
Room2:
-17.71	11.20	nan	nan	
Room3:
-17.27	11.60	nan	nan	

Sun Jan 11 14:50:15 2015
Room1 Light:
1190.00	1200.00	1210.00	1220.00	
Room1:
12.00	-18.81	-18.70	-18.48	-18.37	-18.26	-18.15	10.80	nan	nan	
Room2:
-17.71	11.20	nan	nan	
Room3:
-17.27	11.60	nan	nan	

Sun Jan 11 14:50:24 2015
Room1 Light:
1190.00	1200.00	1210.00	1220.00	
Room1:
12.00	-18.81	-18.70	-18.48	-18.37	-18.26	-18.15	10.80	nan	nan	
Room2:
-17.71	11.20	nan	nan	
Room3:
-17.27	11.60	nan	nan	

Sun Jan 11 14:50:32 2015
Room1 Light:
1190.00	1200.00	1210.00	1220.00	
Room1:
12.00	-18.81	-18.70	-18.48	-18.37	-18.26	-18.15	10.80	nan	nan	
Room2:
-17.71	11.20	nan	nan	
Room3:
-17.27	11.60	nan	nan	

Sun Jan 11 14:50:41 2015
Room1 Light:
1190.00	1200.00	1210.00	1220.00	
Room1:
12.00	-18.81	-18.70	-18.48	-18.37	-18.26	-18.15	10.80	nan	nan	
Room2:
-17.71	11.20	nan	nan	
Room3:
-17.27	11.60	nan	nan	

Sun Jan 11 14:50:49 2015
Room1 Light:
1190.00	1200.00	1210.00	1220.00	
Room1:
12.00	-18.81	-18.70	-18.48	-18.37	-18.26	-18.15	10.80	nan	nan	
Room2:
-17.71	11.20	nan	nan	
Room3:
-17.27	11.60	nan	nan	

Sun Jan 11 14:50:58 2015
Room1 Light:
1190.00	1200.00	1210.00	1220.00	
Room1:
12.00	-18.81	-18.70	-18.48	-18.37	-18.26	-18.15	10.80	nan	nan	
Room2:
-17.71	11.20	nan	nan	
Room3:
-17.27	11.60	nan	nan	

Sun Jan 11 14:51:07 2015
Room1 Light:
1190.00	1200.00	1210.00	1220.00	
Room1:
12.00	-18.81	-18.70	-18.48	-18.37	-18.26	-18.15	10.80	nan	nan	
Room2:
-17.71	11.20	nan	nan	
Room3:
-17.27	11.60	nan	nan	

Sun Jan 11 14:51:15 2015
Room1 Light:
1190.00	1200.00	1210.00	1220.00	
Room1:
12.00	-18.81	-18.70	-18.48	-18.37	-18.26	-18.15	10.80	nan	nan	
Room2:
-17.71	11.20	nan	nan	
Room3:
-17.27	11.60	nan	nan	

Sun Jan 11 14:56:03 2015
Room1 Light:
1190.00	1200.00	1210.00	1220.00	
Room1:
12.00	-18.81	-18.70	-18.48	-18.37	-18.26	-18.15	10.80	nan	nan	
Room2:
-17.71	11.20	nan	nan	
Room3:
-17.27	11.60	nan	nan	

Sun Jan 11 14:56:11 2015
Room1 Light:
1190.00	1200.00	1210.00	1220.00	
Room1:
12.00	-18.81	-18.70	-18.48	-18.37	-18.26	-18.15	10.80	nan	nan	
Room2:
-17.71	11.20	nan	nan	
Room3:
-17.27	11.60	nan	nan	

Sun Jan 11 14:58:26 2015
Room1 Light:
1190.00	1200.00	1210.00	1220.00	
Room1:
12.00	-18.81	-18.70	-18.48	-18.37	-18.26	-18.15	10.80	nan	nan	
Room2:
-17.71	11.20	nan	nan	
Room3:
-17.27	11.60	nan	nan	

Sun Jan 11 14:58:35 2015
Room1 Light:
1190.00	1200.00	1210.00	1220.00	
Room1:
12.00	-18.81	-18.70	-18.48	-18.37	-18.26	-18.15	10.80	nan	nan	
Room2:
-17.71	11.20	nan	nan	
Room3:
-17.27	11.60	nan	nan	

Sun Jan 11 14:58:43 2015
Room1 Light:
1190.00	1200.00	1210.00	1220.00	
Room1:
12.00	-18.81	-18.70	-18.48	-18.37	-18.26	-18.15	10.80	nan	nan	
Room2:
-17.71	11.20	nan	nan	
Room3:
-17.27	11.60	nan	nan	

Sun Jan 11 15:01:00 2015
Room1 Light:
1190.00	1200.00	1210.00	1220.00	
Room1:
12.00	-18.81	-18.70	-18.48	-18.37	-18.26	-18.15	10.80	nan	nan	
Room2:
-17.71	11.20	nan	nan	
Room3:
-17.27	11.60	nan	nan	

Sun Jan 11 15:01:09 2015
Room1 Light:
1190.00	1200.00	1210.00	1220.00	
Room1:
12.00	-18.81	-18.70	-18.48	-18.37	-18.26	-18.15	10.80	nan	nan	
Room2:
-17.71	11.20	nan	nan	
Room3:
-17.27	11.60	nan	nan	

Sun Jan 11 15:01:18 2015
Room1 Light:
1190.00	1200.00	1210.00	1220.00	
Room1:
12.00	-18.81	-18.70	-18.48	-18.37	-18.26	-18.15	10.80	nan	nan	
Room2:
-17.71	11.20	nan	nan	
Room3:
-17.27	11.60	nan	nan	

Sun Jan 11 15:01:26 2015
Room1 Light:
1190.00	1200.00	1210.00	1220.00	
Room1:
12.00	-18.81	-18.70	-18.48	-18.37	-18.26	-18.15	10.80	nan	nan	
Room2:
-17.71	11.20	nan	nan	
Room3:
-17.27	11.60	nan	nan	

Sun Jan 11 15:21:41 2015
Room1 Light:
1190.00	1200.00	1210.00	1220.00	
Room1:
12.00	-18.81	-18.70	-18.48	-18.37	-18.26	-18.15	10.80	nan	nan	
Room2:
-17.71	11.20	nan	nan	
Room3:
-17.27	11.60	nan	nan	

Sun Jan 11 15:21:49 2015
Room1 Light:
1190.00	1200.00	1210.00	1220.00	
Room1:
12.00	-18.81	-18.70	-18.48	-18.37	-18.26	-18.15	10.80	nan	nan	
Room2:
-17.71	11.20	nan	nan	
Room3:
-17.27	11.60	nan	nan	

Sun Jan 11 15:21:58 2015
Room1 Light:
1190.00	1200.00	1210.00	1220.00	
Room1:
12.00	-18.81	-18.70	-18.48	-18.37	-18.26	-18.15	10.80	nan	nan	
Room2:
-17.71	11.20	nan	nan	
Room3:
-17.27	11.60	nan	nan	

Sun Jan 11 15:22:07 2015
Room1 Light:
1190.00	1200.00	1210.00	1220.00	
Room1:
12.00	-18.81	-18.70	-18.48	-18.37	-18.26	-18.15	10.80	nan	nan	
Room2:
-17.71	11.20	nan	nan	
Room3:
-17.27	11.60	nan	nan	

Sun Jan 11 15:22:15 2015
Room1 Light:
1190.00	1200.00	1210.00	1220.00	
Room1:
12.00	-18.81	-18.70	-18.48	-18.37	-18.26	-18.15	10.80	nan	nan	
Room2:
-17.71	11.20	nan	nan	
Room3:
-17.27	11.60	nan	nan	

Sun Jan 11 15:22:24 2015
Room1 Light:
1190.00	1200.00	1210.00	1220.00	
Room1:
12.00	-18.81	-18.70	-18.48	-18.37	-18.26	-18.15	10.80	nan	nan	
Room2:
-17.71	11.20	nan	nan	
Room3:
-17.27	11.60	nan	nan	

Sun Jan 11 15:22:32 2015
Room1 Light:
1190.00	1200.00	1210.00	1220.00	
Room1:
12.00	-18.81	-18.70	-18.48	-18.37	-18.26	-18.15	10.80	nan	nan	
Room2:
-17.71	11.20	nan	nan	
Room3:
-17.27	11.60	nan	nan	

Sun Jan 11 15:22:41 2015
Room1 Light:
1190.00	1200.00	1210.00	1220.00	
Room1:
12.00	-18.81	-18.70	-18.48	-18.37	-18.26	-18.15	10.80	nan	nan	
Room2:
-17.71	11.20	nan	nan	
Room3:
-17.27	11.60	nan	nan	

Sun Jan 11 15:22:50 2015
Room1 Light:
1190.00	1200.00	1210.00	1220.00	
Room1:
12.00	-18.81	-18.70	-18.48	-18.37	-18.26	-18.15	10.80	nan	nan	
Room2:
-17.71	11.20	nan	nan	
Room3:
-17.27	11.60	nan	nan	

Sun Jan 11 15:22:58 2015
Room1 Light:
1190.00	1200.00	1210.00	1220.00	
Room1:
12.00	-18.81	-18.70	-18.48	-18.37	-18.26	-18.15	10.80	nan	nan	
Room2:
-17.71	11.20	nan	nan	
Room3:
-17.27	11.60	nan	nan	

Sun Jan 11 15:23:07 2015
Room1 Light:
1190.00	1200.00	1210.00	1220.00	
Room1:
12.00	-18.81	-18.70	-18.48	-18.37	-18.26	-18.15	10.80	nan	nan	
Room2:
-17.71	11.20	nan	nan	
Room3:
-17.27	11.60	nan	nan	

Sun Jan 11 15:23:16 2015
Room1 Light:
1190.00	1200.00	1210.00	1220.00	
Room1:
12.00	-18.81	-18.70	-18.48	-18.37	-18.26	-18.15	10.80	nan	nan	
Room2:
-17.71	11.20	nan	nan	
Room3:
-17.27	11.60	nan	nan	

Sun Jan 11 15:23:24 2015
Room1 Light:
1190.00	1200.00	1210.00	1220.00	
Room1:
12.00	-18.81	-18.70	-18.48	-18.37	-18.26	-18.15	10.80	nan	nan	
Sun Jan 11 15:23:30 2015
Room1 Light:
1190.00	1200.00	1210.00	1220.00	
Room1:
12.00	-18.81	-18.70	-18.48	-18.37	-18.26	-18.15	10.80	nan	nan	
Room2:
-17.71	11.20	nan	nan	
Room3:
-17.27	11.60	nan	nan	

Sun Jan 11 15:23:39 2015
Room1 Light:
1190.00	1200.00	1210.00	1220.00	
Room1:
12.00	-18.81	-18.70	-18.48	-18.37	-18.26	-18.15	10.80	nan	nan	
Room2:
-17.71	11.20	nan	nan	
Room3:
-17.27	11.60	nan	nan	

Sun Jan 11 15:23:48 2015
Room1 Light:
1190.00	1200.00	1210.00	1220.00	
Room1:
12.00	-18.81	-18.70	-18.48	-18.37	-18.26	-18.15	10.80	nan	nan	
Room2:
-17.71	11.20	nan	nan	
Room3:
-17.27	11.60	nan	nan	

Sun Jan 11 15:23:56 2015
Room1 Light:
1190.00	1200.00	1210.00	1220.00	
Room1:
12.00	-18.81	-18.70	-18.48	-18.37	-18.26	-18.15	10.80	nan	nan	
Room2:
-17.71	11.20	nan	nan	
Room3:
-17.27	11.60	nan	nan	

Sun Jan 11 15:24:05 2015
Room1 Light:
1190.00	1200.00	1210.00	1220.00	
Room1:
12.00	-18.81	-18.70	-18.48	-18.37	-18.26	-18.15	10.80	nan	nan	
Room2:
-17.71	11.20	nan	nan	
Room3:
-17.27	11.60	nan	nan	

Sun Jan 11 15:24:14 2015
Room1 Light:
1190.00	1200.00	1210.00	1220.00	
Room1:
12.00	-18.81	-18.70	-18.48	-18.37	-18.26	-18.15	10.80	nan	nan	
Room2:
-17.71	11.20	nan	nan	
Room3:
-17.27	11.60	nan	nan	

Sun Jan 11 15:24:22 2015
Room1 Light:
1190.00	1200.00	1210.00	1220.00	
Room1:
12.00	-18.81	-18.70	-18.48	-18.37	-18.26	-18.15	10.80	nan	nan	
Room2:
-17.71	11.20	nan	nan	
Room3:
-17.27	11.60	nan	nan	

Sun Jan 11 15:24:31 2015
Room1 Light:
1190.00	1200.00	1210.00	1220.00	
Room1:
12.00	-18.81	-18.70	-18.48	-18.37	-18.26	-18.15	10.80	nan	nan	
Room2:
-17.71	11.20	nan	nan	
Room3:
-17.27	11.60	nan	nan	

Sun Jan 11 15:24:39 2015
Room1 Light:
1190.00	1200.00	1210.00	1220.00	
Room1:
12.00	-18.81	-18.70	-18.48	-18.37	-18.26	-18.15	10.80	nan	nan	
Sun Jan 11 15:24:56 2015
Room1 Light:
1190.00	1200.00	1210.00	1220.00	
Room1:
12.00	-18.81	-18.70	-18.48	-18.37	-18.26	-18.15	10.80	nan	nan	
Room2:
-17.71	11.20	nan	nan	
Room3:
-17.27	11.60	nan	nan	

Sun Jan 11 15:25:04 2015
Room1 Light:
1190.00	1200.00	1210.00	1220.00	
Room1:
12.00	-18.81	-18.70	-18.48	-18.37	-18.26	-18.15	10.80	nan	nan	
Sun Jan 11 15:25:15 2015
Room1 Light:
1190.00	1200.00	1210.00	1220.00	
Room1:
12.00	-18.81	-18.70	-18.48	-18.37	-18.26	-18.15	10.80	nan	nan	
Room2:
-17.71	11.20	nan	nan	
Room3:
-17.27	11.60	nan	nan	

Sun Jan 11 15:25:23 2015
Room1 Light:
1190.00	1200.00	1210.00	1220.00	
Room1:
12.00	-18.81	-18.70	-18.48	-18.37	-18.26	-18.15	10.80	nan	nan	
Sun Jan 11 15:26:55 2015
Room1 Light:
1190.00	1200.00	1210.00	1220.00	
Room1:
12.00	-18.81	-18.70	-18.48	-18.37	-18.26	-18.15	10.80	nan	nan	
Room2:
-17.71	11.20	nan	nan	
Room3:
-17.27	11.60	nan	nan	

Sun Jan 11 15:27:04 2015
Room1 Light:
1190.00	1200.00	1210.00	1220.00	
Room1:
12.00	-18.81	-18.70	-18.48	-18.37	-18.26	-18.15	10.80	nan	nan	
Room2:
-17.71	11.20	nan	nan	
Room3:
-17.27	11.60	nan	nan	

Sun Jan 11 15:27:12 2015
Room1 Light:
1190.00	1200.00	1210.00	1220.00	
Room1:
12.00	-18.81	-18.70	-18.48	-18.37	-18.26	-18.15	10.80	nan	nan	
Room2:
-17.71	11.20	nan	nan	
Room3:
-17.27	11.60	nan	nan	

Sun Jan 11 15:27:21 2015
Room1 Light:
1190.00	1200.00	1210.00	1220.00	
Room1:
12.00	-18.81	-18.70	-18.48	-18.37	-18.26	-18.15	10.80	nan	nan	
Room2:
-17.71	11.20	nan	nan	
Room3:
-17.27	11.60	nan	nan	

Sun Jan 11 15:27:30 2015
Room1 Light:
1190.00	1200.00	1210.00	1220.00	
Room1:
12.00	-18.81	-18.70	-18.48	-18.37	-18.26	-18.15	10.80	nan	nan	
Sun Jan 11 15:33:07 2015
Room1 Light:
1190.00	1200.00	1210.00	1220.00	
Room1:
12.00	-18.81	-18.70	-18.48	-18.37	-18.26	-18.15	10.80	nan	nan	
Room2:
-17.71	11.20	nan	nan	
Room3:
-17.27	11.60	nan	nan	

Sun Jan 11 15:33:15 2015
Room1 Light:
1190.00	1200.00	1210.00	1220.00	
Room1:
12.00	-18.81	-18.70	-18.48	-18.37	-18.26	-18.15	10.80	nan	nan	
Sun Jan 11 15:33:47 2015
Room1 Light:
1190.00	1200.00	1210.00	1220.00	
Room1:
12.00	-18.81	-18.70	-18.48	-18.37	-18.26	-18.15	10.80	nan	nan	
Room2:
-17.71	11.20	nan	nan	
Room3:
-17.27	11.60	nan	nan	

Sun Jan 11 15:33:55 2015
Room1 Light:
1190.00	1200.00	1210.00	1220.00	
Room1:
12.00	-18.81	-18.70	-18.48	-18.37	-18.26	-18.15	10.80	nan	nan	
Room2:
-17.71	11.20	nan	nan	
Room3:
-17.27	11.60	nan	nan	

Sun Jan 11 15:34:04 2015
Room1 Light:
1190.00	1200.00	1210.00	1220.00	
Room1:
12.00	-18.81	-18.70	-18.48	-18.37	-18.26	-18.15	10.80	nan	nan	
Sun Jan 11 15:34:13 2015
Room1 Light:
1190.00	1200.00	1210.00	1220.00	
Room1:
12.00	-18.81	-18.70	-18.48	-18.37	-18.26	-18.15	10.80	nan	nan	
Room2:
-17.71	11.20	nan	nan	
Room3:
-17.27	11.60	nan	nan	

Sun Jan 11 15:34:22 2015
Room1 Light:
1190.00	1200.00	1210.00	1220.00	
Room1:
12.00	-18.81	-18.70	-18.48	-18.37	-18.26	-18.15	10.80	nan	nan	
Room2:
-17.71	11.20	nan	nan	
Room3:
-17.27	11.60	nan	nan	

Sun Jan 11 15:34:31 2015
Room1 Light:
1190.00	1200.00	1210.00	1220.00	
Room1:
12.00	-18.81	-18.70	-18.48	-18.37	-18.26	-18.15	10.80	nan	nan	
Room2:
-17.71	11.20	nan	nan	
Room3:
-17.27	11.60	nan	nan	

Sun Jan 11 15:34:39 2015
Room1 Light:
1190.00	1200.00	1210.00	1220.00	
Room1:
12.00	-18.81	-18.70	-18.48	-18.37	-18.26	-18.15	10.80	nan	nan	
Room2:
-17.71	11.20	nan	nan	
Room3:
-17.27	11.60	nan	nan	

Sun Jan 11 15:34:48 2015
Room1 Light:
1190.00	1200.00	1210.00	1220.00	
Room1:
12.00	-18.81	-18.70	-18.48	-18.37	-18.26	-18.15	10.80	nan	nan	
Room2:
-17.71	11.20	nan	nan	
Room3:
-17.27	11.60	nan	nan	

Sun Jan 11 15:34:57 2015
Room1 Light:
1190.00	1200.00	1210.00	1220.00	
Room1:
12.00	-18.81	-18.70	-18.48	-18.37	-18.26	-18.15	10.80	nan	nan	
Room2:
-17.71	11.20	nan	nan	
Room3:
-17.27	11.60	nan	nan	

Sun Jan 11 15:35:05 2015
Room1 Light:
1190.00	1200.00	1210.00	1220.00	
Room1:
12.00	-18.81	-18.70	-18.48	-18.37	-18.26	-18.15	10.80	nan	nan	
Sun Jan 11 15:36:17 2015
Room1 Light:
1190.00	1200.00	1210.00	1220.00	
Room1:
12.00	-18.81	-18.70	-18.48	-18.37	-18.26	-18.15	10.80	nan	nan	
Room2:
-17.71	11.20	nan	nan	
Room3:
-17.27	11.60	nan	nan	

Sun Jan 11 15:36:45 2015
Room1 Light:
1190.00	1200.00	1210.00	1220.00	
Room1:
12.00	-18.81	-18.70	-18.48	-18.37	-18.26	-18.15	10.80	nan	nan	
Room2:
-17.71	11.20	nan	nan	
Room3:
-17.27	11.60	nan	nan	

Sun Jan 11 15:36:54 2015
Room1 Light:
1190.00	1200.00	1210.00	1220.00	
Room1:
12.00	-18.81	-18.70	-18.48	-18.37	-18.26	-18.15	10.80	nan	nan	
Room2:
-17.71	11.20	nan	nan	
Room3:
-17.27	11.60	nan	nan	

Sun Jan 11 15:37:26 2015
Room1 Light:
1190.00	1200.00	1210.00	1220.00	
Room1:
12.00	-18.81	-18.70	-18.48	-18.37	-18.26	-18.15	10.80	nan	nan	
Room2:
-17.71	11.20	nan	nan	
Room3:
-17.27	11.60	nan	nan	

Sun Jan 11 15:37:35 2015
Room1 Light:
1190.00	1200.00	1210.00	1220.00	
Room1:
12.00	-18.81	-18.70	-18.48	-18.37	-18.26	-18.15	10.80	nan	nan	
Room2:
-17.71	11.20	nan	nan	
Room3:
-17.27	11.60	nan	nan	

Sun Jan 11 15:37:58 2015
Room1 Light:
1190.00	1200.00	1210.00	1220.00	
Room1:
12.00	-18.81	-18.70	-18.48	-18.37	-18.26	-18.15	10.80	nan	nan	
Room2:
-17.71	11.20	nan	nan	
Room3:
-17.27	11.60	nan	nan	

Sun Jan 11 15:38:06 2015
Room1 Light:
1190.00	1200.00	1210.00	1220.00	
Room1:
12.00	-18.81	-18.70	-18.48	-18.37	-18.26	-18.15	10.80	nan	nan	
Room2:
-17.71	11.20	nan	nan	
Room3:
-17.27	11.60	nan	nan	

Sun Jan 11 15:38:15 2015
Room1 Light:
1190.00	1200.00	1210.00	1220.00	
Room1:
12.00	-18.81	-18.70	-18.48	-18.37	-18.26	-18.15	10.80	nan	nan	
Room2:
-17.71	11.20	nan	nan	
Room3:
-17.27	11.60	nan	nan	

Sun Jan 11 15:38:23 2015
Room1 Light:
1190.00	1200.00	1210.00	1220.00	
Room1:
12.00	-18.81	-18.70	-18.48	-18.37	-18.26	-18.15	10.80	nan	nan	
Room2:
-17.71	11.20	nan	nan	
Room3:
-17.27	11.60	nan	nan	

Sun Jan 11 15:38:32 2015
Room1 Light:
1190.00	1200.00	1210.00	1220.00	
Room1:
12.00	-18.81	-18.70	-18.48	-18.37	-18.26	-18.15	10.80	nan	nan	
Room2:
-17.71	11.20	nan	nan	
Room3:
-17.27	11.60	nan	nan	

Sun Jan 11 15:38:41 2015
Room1 Light:
1190.00	1200.00	1210.00	1220.00	
Room1:
12.00	-18.81	-18.70	-18.48	-18.37	-18.26	-18.15	10.80	nan	nan	
Room2:
-17.71	11.20	nan	nan	
Room3:
-17.27	11.60	nan	nan	

Sun Jan 11 15:38:49 2015
Room1 Light:
1190.00	1200.00	1210.00	1220.00	
Room1:
12.00	-18.81	-18.70	-18.48	-18.37	-18.26	-18.15	10.80	nan	nan	
Room2:
-17.71	11.20	nan	nan	
Room3:
-17.27	11.60	nan	nan	

Sun Jan 11 15:40:32 2015
Room1 Light:
1190.00	1200.00	1210.00	1220.00	
Room1:
12.00	-18.81	-18.70	-18.48	-18.37	-18.26	-18.15	10.80	nan	nan	
Room2:
-17.71	11.20	nan	nan	
Room3:
-17.27	11.60	nan	nan	

Sun Jan 11 15:40:40 2015
Room1 Light:
1190.00	1200.00	1210.00	1220.00	
Room1:
12.00	-18.81	-18.70	-18.48	-18.37	-18.26	-18.15	10.80	nan	nan	
Room2:
-17.71	11.20	nan	nan	
Room3:
-17.27	11.60	nan	nan	

Sun Jan 11 15:40:49 2015
Room1 Light:
1190.00	1200.00	1210.00	1220.00	
Room1:
12.00	-18.81	-18.70	-18.48	-18.37	-18.26	-18.15	10.80	nan	nan	
Room2:
-17.71	11.20	nan	nan	
Room3:
-17.27	11.60	nan	nan	

Sun Jan 11 15:42:18 2015
Room1 Light:
1190.00	1200.00	1210.00	1220.00	
Room1:
12.00	-18.81	-18.70	-18.48	-18.37	-18.26	-18.15	10.80	nan	nan	
Room2:
-17.71	11.20	nan	nan	
Room3:
-17.27	11.60	nan	nan	

Sun Jan 11 15:42:27 2015
Room1 Light:
1190.00	1200.00	1210.00	1220.00	
Room1:
12.00	-18.81	-18.70	-18.48	-18.37	-18.26	-18.15	10.80	nan	nan	
Room2:
-17.71	11.20	nan	nan	
Room3:
-17.27	11.60	nan	nan	

Sun Jan 11 15:43:13 2015
Room1 Light:
1190.00	1200.00	1210.00	1220.00	
Room1:
12.00	-18.81	-18.70	-18.48	-18.37	-18.26	-18.15	10.80	nan	nan	
Room2:
-17.71	11.20	nan	nan	
Room3:
-17.27	11.60	nan	nan	

Sun Jan 11 15:43:22 2015
Room1 Light:
1190.00	1200.00	1210.00	1220.00	
Room1:
12.00	-18.81	-18.70	-18.48	-18.37	-18.26	-18.15	10.80	nan	nan	
Room2:
-17.71	11.20	nan	nan	
Room3:
-17.27	11.60	nan	nan	

Sun Jan 11 15:43:30 2015
Room1 Light:
1190.00	1200.00	1210.00	1220.00	
Room1:
12.00	-18.81	-18.70	-18.48	-18.37	-18.26	-18.15	10.80	nan	nan	
Room2:
-17.71	11.20	nan	nan	
Room3:
-17.27	11.60	nan	nan	

Sun Jan 11 15:43:39 2015
Room1 Light:
1190.00	1200.00	1210.00	1220.00	
Room1:
12.00	-18.81	-18.70	-18.48	-18.37	-18.26	-18.15	10.80	nan	nan	
Room2:
-17.71	11.20	nan	nan	
Room3:
-17.27	11.60	nan	nan	

Sun Jan 11 15:43:52 2015
Room1 Light:
1190.00	1200.00	1210.00	1220.00	
Room1:
12.00	-18.81	-18.70	-18.48	-18.37	-18.26	-18.15	10.80	nan	nan	
Room2:
-17.71	11.20	nan	nan	
Room3:
-17.27	11.60	nan	nan	

Sun Jan 11 15:44:00 2015
Room1 Light:
1190.00	1200.00	1210.00	1220.00	
Room1:
12.00	-18.81	-18.70	-18.48	-18.37	-18.26	-18.15	10.80	nan	nan	
Room2:
-17.71	11.20	nan	nan	
Room3:
-17.27	11.60	nan	nan	

Sun Jan 11 15:44:09 2015
Room1 Light:
1190.00	1200.00	1210.00	1220.00	
Room1:
12.00	-18.81	-18.70	-18.48	-18.37	-18.26	-18.15	10.80	nan	nan	
Room2:
-17.71	11.20	nan	nan	
Room3:
-17.27	11.60	nan	nan	

Sun Jan 11 15:44:18 2015
Room1 Light:
1190.00	1200.00	1210.00	1220.00	
Room1:
12.00	-18.81	-18.70	-18.48	-18.37	-18.26	-18.15	10.80	nan	nan	
Room2:
-17.71	11.20	nan	nan	
Room3:
-17.27	11.60	nan	nan	

Sun Jan 11 15:44:55 2015
Room1 Light:
1190.00	1200.00	1210.00	1220.00	
Room1:
12.00	-18.81	-18.70	-18.48	-18.37	-18.26	-18.15	10.80	nan	nan	
Room2:
-17.71	11.20	nan	nan	
Room3:
-17.27	11.60	nan	nan	

Sun Jan 11 15:45:04 2015
Room1 Light:
1190.00	1200.00	1210.00	1220.00	
Room1:
12.00	-18.81	-18.70	-18.48	-18.37	-18.26	-18.15	10.80	nan	nan	
Room2:
-17.71	11.20	nan	nan	
Room3:
-17.27	11.60	nan	nan	

Sun Jan 11 15:45:12 2015
Room1 Light:
1190.00	1200.00	1210.00	1220.00	
Room1:
12.00	-18.81	-18.70	-18.48	-18.37	-18.26	-18.15	10.80	nan	nan	
Room2:
-17.71	11.20	nan	nan	
Room3:
-17.27	11.60	nan	nan	

Sun Jan 11 15:45:21 2015
Room1 Light:
1190.00	1200.00	1210.00	1220.00	
Room1:
12.00	-18.81	-18.70	-18.48	-18.37	-18.26	-18.15	10.80	nan	nan	
Room2:
-17.71	11.20	nan	nan	
Room3:
-17.27	11.60	nan	nan	

Sun Jan 11 15:45:30 2015
Room1 Light:
1190.00	1200.00	1210.00	1220.00	
Room1:
12.00	-18.81	-18.70	-18.48	-18.37	-18.26	-18.15	10.80	nan	nan	
Room2:
-17.71	11.20	nan	nan	
Room3:
-17.27	11.60	nan	nan	

Sun Jan 11 15:45:38 2015
Room1 Light:
1190.00	1200.00	1210.00	1220.00	
Room1:
12.00	-18.81	-18.70	-18.48	-18.37	-18.26	-18.15	10.80	nan	nan	
Room2:
-17.71	11.20	nan	nan	
Room3:
-17.27	11.60	nan	nan	

Sun Jan 11 15:45:47 2015
Room1 Light:
1190.00	1200.00	1210.00	1220.00	
Room1:
12.00	-18.81	-18.70	-18.48	-18.37	-18.26	-18.15	10.80	nan	nan	
Room2:
-17.71	11.20	nan	nan	
Room3:
-17.27	11.60	nan	nan	

Sun Jan 11 15:46:47 2015
Room1 Light:
1190.00	1200.00	1210.00	1220.00	
Room1:
12.00	-18.81	-18.70	-18.48	-18.37	-18.26	-18.15	10.80	nan	nan	
Room2:
-17.71	11.20	nan	nan	
Room3:
-17.27	11.60	nan	nan	

Sun Jan 11 15:46:56 2015
Room1 Light:
1190.00	1200.00	1210.00	1220.00	
Room1:
12.00	-18.81	-18.70	-18.48	-18.37	-18.26	-18.15	10.80	nan	nan	
Room2:
-17.71	11.20	nan	nan	
Room3:
-17.27	11.60	nan	nan	

Sun Jan 11 15:47:12 2015
Room1 Light:
1190.00	1200.00	1210.00	1220.00	
Room1:
12.00	-18.81	-18.70	-18.48	-18.37	-18.26	-18.15	10.80	nan	nan	
Room2:
-17.71	11.20	nan	nan	
Room3:
-17.27	11.60	nan	nan	

Sun Jan 11 15:47:21 2015
Room1 Light:
1190.00	1200.00	1210.00	1220.00	
Room1:
12.00	-18.81	-18.70	-18.48	-18.37	-18.26	-18.15	10.80	nan	nan	
Room2:
-17.71	11.20	nan	nan	
Room3:
-17.27	11.60	nan	nan	

Sun Jan 11 15:47:30 2015
Room1 Light:
1190.00	1200.00	1210.00	1220.00	
Room1:
12.00	-18.81	-18.70	-18.48	-18.37	-18.26	-18.15	10.80	nan	nan	
Room2:
-17.71	11.20	nan	nan	
Room3:
-17.27	11.60	nan	nan	

Sun Jan 11 15:53:27 2015
Room1 Light:
1190.00	1200.00	1210.00	1220.00	
Room1:
12.00	-18.81	-18.70	-18.48	-18.37	-18.26	-18.15	10.80	nan	nan	
Room2:
-17.71	11.20	nan	nan	
Room3:
-17.27	11.60	nan	nan	

Sun Jan 11 15:53:36 2015
Room1 Light:
1190.00	1200.00	1210.00	1220.00	
Room1:
12.00	-18.81	-18.70	-18.48	-18.37	-18.26	-18.15	10.80	nan	nan	
Room2:
-17.71	11.20	nan	nan	
Room3:
-17.27	11.60	nan	nan	

Sun Jan 11 15:53:44 2015
Room1 Light:
1190.00	1200.00	1210.00	1220.00	
Room1:
12.00	-18.81	-18.70	-18.48	-18.37	-18.26	-18.15	10.80	nan	nan	
Room2:
-17.71	11.20	nan	nan	
Room3:
-17.27	11.60	nan	nan	

Sun Jan 11 15:53:53 2015
Room1 Light:
1190.00	1200.00	1210.00	1220.00	
Room1:
12.00	-18.81	-18.70	-18.48	-18.37	-18.26	-18.15	10.80	nan	nan	
Room2:
-17.71	11.20	nan	nan	
Room3:
-17.27	11.60	nan	nan	

Sun Jan 11 15:54:01 2015
Room1 Light:
1190.00	1200.00	1210.00	1220.00	
Room1:
12.00	-18.81	-18.70	-18.48	-18.37	-18.26	-18.15	10.80	nan	nan	
Room2:
-17.71	11.20	nan	nan	
Room3:
-17.27	11.60	nan	nan	

Sun Jan 11 15:54:10 2015
Room1 Light:
1190.00	1200.00	1210.00	1220.00	
Room1:
12.00	-18.81	-18.70	-18.48	-18.37	-18.26	-18.15	10.80	nan	nan	
Room2:
-17.71	11.20	nan	nan	
Room3:
-17.27	11.60	nan	nan	

Sun Jan 11 15:54:23 2015
Room1 Light:
1190.00	1200.00	1210.00	1220.00	
Room1:
12.00	-18.81	-18.70	-18.48	-18.37	-18.26	-18.15	10.80	nan	nan	
Room2:
-17.71	11.20	nan	nan	
Room3:
-17.27	11.60	nan	nan	

Sun Jan 11 15:54:31 2015
Room1 Light:
1190.00	1200.00	1210.00	1220.00	
Room1:
12.00	-18.81	-18.70	-18.48	-18.37	-18.26	-18.15	10.80	nan	nan	
Room2:
-17.71	11.20	nan	nan	
Room3:
-17.27	11.60	nan	nan	

Sun Jan 11 15:54:40 2015
Room1 Light:
1190.00	1200.00	1210.00	1220.00	
Room1:
12.00	-18.81	-18.70	-18.48	-18.37	-18.26	-18.15	10.80	nan	nan	
Room2:
-17.71	11.20	nan	nan	
Room3:
-17.27	11.60	nan	nan	

Sun Jan 11 15:54:49 2015
Room1 Light:
1190.00	1200.00	1210.00	1220.00	
Room1:
12.00	-18.81	-18.70	-18.48	-18.37	-18.26	-18.15	10.80	nan	nan	
Room2:
-17.71	11.20	nan	nan	
Room3:
-17.27	11.60	nan	nan	

Sun Jan 11 16:09:54 2015
Room1 Light:
1190.00	1200.00	1210.00	1220.00	
Room1:
12.00	-18.81	-18.70	-18.48	-18.37	-18.26	-18.15	10.80	nan	nan	
Room2:
-17.71	11.20	nan	nan	
Room3:
-17.27	11.60	nan	nan	

Sun Jan 11 16:10:02 2015
Room1 Light:
1190.00	1200.00	1210.00	1220.00	
Room1:
12.00	-18.81	-18.70	-18.48	-18.37	-18.26	-18.15	10.80	nan	nan	
Room2:
-17.71	11.20	nan	nan	
Room3:
-17.27	11.60	nan	nan	

Sun Jan 11 16:11:26 2015
Room1 Light:
1190.00	1200.00	1210.00	1220.00	
Room1:
12.00	-18.81	-18.70	-18.48	-18.37	-18.26	-18.15	10.80	nan	nan	
Room2:
-17.71	11.20	nan	nan	
Room3:
-17.27	11.60	nan	nan	

Sun Jan 11 16:11:35 2015
Room1 Light:
1190.00	1200.00	1210.00	1220.00	
Room1:
12.00	-18.81	-18.70	-18.48	-18.37	-18.26	-18.15	10.80	nan	nan	
Room2:
-17.71	11.20	nan	nan	
Room3:
-17.27	11.60	nan	nan	

Sun Jan 11 16:11:55 2015
Room1 Light:
1190.00	1200.00	1210.00	1220.00	
Room1:
12.00	-18.81	-18.70	-18.48	-18.37	-18.26	-18.15	10.80	nan	nan	
Room2:
-17.71	11.20	nan	nan	
Room3:
-17.27	11.60	nan	nan	

Sun Jan 11 16:12:04 2015
Room1 Light:
1190.00	1200.00	1210.00	1220.00	
Room1:
12.00	-18.81	-18.70	-18.48	-18.37	-18.26	-18.15	10.80	nan	nan	
Room2:
-17.71	11.20	nan	nan	
Room3:
-17.27	11.60	nan	nan	

Sun Jan 11 16:12:12 2015
Room1 Light:
1190.00	1200.00	1210.00	1220.00	
Room1:
12.00	-18.81	-18.70	-18.48	-18.37	-18.26	-18.15	10.80	nan	nan	
Room2:
-17.71	11.20	nan	nan	
Room3:
-17.27	11.60	nan	nan	

Sun Jan 11 16:12:21 2015
Room1 Light:
1190.00	1200.00	1210.00	1220.00	
Room1:
12.00	-18.81	-18.70	-18.48	-18.37	-18.26	-18.15	10.80	nan	nan	
Room2:
-17.71	11.20	nan	nan	
Room3:
-17.27	11.60	nan	nan	

Sun Jan 11 16:12:29 2015
Room1 Light:
1190.00	1200.00	1210.00	1220.00	
Room1:
12.00	-18.81	-18.70	-18.48	-18.37	-18.26	-18.15	10.80	nan	nan	
Room2:
-17.71	11.20	nan	nan	
Room3:
-17.27	11.60	nan	nan	

Sun Jan 11 16:12:38 2015
Room1 Light:
1190.00	1200.00	1210.00	1220.00	
Room1:
12.00	-18.81	-18.70	-18.48	-18.37	-18.26	-18.15	10.80	nan	nan	
Room2:
-17.71	11.20	nan	nan	
Room3:
-17.27	11.60	nan	nan	

Sun Jan 11 16:12:47 2015
Room1 Light:
1190.00	1200.00	1210.00	1220.00	
Room1:
12.00	-18.81	-18.70	-18.48	-18.37	-18.26	-18.15	10.80	nan	nan	
Room2:
-17.71	11.20	nan	nan	
Room3:
-17.27	11.60	nan	nan	

Sun Jan 11 16:12:55 2015
Room1 Light:
1190.00	1200.00	1210.00	1220.00	
Room1:
12.00	-18.81	-18.70	-18.48	-18.37	-18.26	-18.15	10.80	nan	nan	
Room2:
-17.71	11.20	nan	nan	
Room3:
-17.27	11.60	nan	nan	

Sun Jan 11 16:13:04 2015
Room1 Light:
1190.00	1200.00	1210.00	1220.00	
Room1:
12.00	-18.81	-18.70	-18.48	-18.37	-18.26	-18.15	10.80	nan	nan	
Room2:
-17.71	11.20	nan	nan	
Room3:
-17.27	11.60	nan	nan	

Sun Jan 11 16:13:13 2015
Room1 Light:
1190.00	1200.00	1210.00	1220.00	
Room1:
12.00	-18.81	-18.70	-18.48	-18.37	-18.26	-18.15	10.80	nan	nan	
Room2:
-17.71	11.20	nan	nan	
Room3:
-17.27	11.60	nan	nan	

Sun Jan 11 16:13:21 2015
Room1 Light:
1190.00	1200.00	1210.00	1220.00	
Room1:
12.00	-18.81	-18.70	-18.48	-18.37	-18.26	-18.15	10.80	nan	nan	
Room2:
-17.71	11.20	nan	nan	
Room3:
-17.27	11.60	nan	nan	

Sun Jan 11 16:13:30 2015
Room1 Light:
1190.00	1200.00	1210.00	1220.00	
Room1:
12.00	-18.81	-18.70	-18.48	-18.37	-18.26	-18.15	10.80	nan	nan	
Room2:
-17.71	11.20	nan	nan	
Room3:
-17.27	11.60	nan	nan	

Sun Jan 11 16:13:38 2015
Room1 Light:
1190.00	1200.00	1210.00	1220.00	
Room1:
12.00	-18.81	-18.70	-18.48	-18.37	-18.26	-18.15	10.80	nan	nan	
Room2:
-17.71	11.20	nan	nan	
Room3:
-17.27	11.60	nan	nan	

Sun Jan 11 16:14:40 2015
Room1 Light:
1190.00	1200.00	1210.00	1220.00	
Room1:
12.00	-18.81	-18.70	-18.48	-18.37	-18.26	-18.15	10.80	nan	nan	
Room2:
-17.71	11.20	nan	nan	
Room3:
-17.27	11.60	nan	nan	

Sun Jan 11 16:14:57 2015
Room1 Light:
1190.00	1200.00	1210.00	1220.00	
Room1:
12.00	-18.81	-18.70	-18.48	-18.37	-18.26	-18.15	10.80	nan	nan	
Room2:
-17.71	11.20	nan	nan	
Room3:
-17.27	11.60	nan	nan	

Sun Jan 11 16:15:05 2015
Room1 Light:
1190.00	1200.00	1210.00	1220.00	
Room1:
12.00	-18.81	-18.70	-18.48	-18.37	-18.26	-18.15	10.80	nan	nan	
Room2:
-17.71	11.20	nan	nan	
Room3:
-17.27	11.60	nan	nan	

Sun Jan 11 16:15:14 2015
Room1 Light:
1190.00	1200.00	1210.00	1220.00	
Room1:
12.00	-18.81	-18.70	-18.48	-18.37	-18.26	-18.15	10.80	nan	nan	
Room2:
-17.71	11.20	nan	nan	
Room3:
-17.27	11.60	nan	nan	

Sun Jan 11 16:18:06 2015
Room1 Light:
1190.00	1200.00	1210.00	1220.00	
Room1:
12.00	-18.81	-18.70	-18.48	-18.37	-18.26	-18.15	10.80	nan	nan	
Room2:
-17.71	11.20	nan	nan	
Room3:
-17.27	11.60	nan	nan	

Sun Jan 11 16:18:15 2015
Room1 Light:
1190.00	1200.00	1210.00	1220.00	
Room1:
12.00	-18.81	-18.70	-18.48	-18.37	-18.26	-18.15	10.80	nan	nan	
Room2:
-17.71	11.20	nan	nan	
Room3:
-17.27	11.60	nan	nan	

Sun Jan 11 16:18:24 2015
Room1 Light:
1190.00	1200.00	1210.00	1220.00	
Room1:
12.00	-18.81	-18.70	-18.48	-18.37	-18.26	-18.15	10.80	nan	nan	
Room2:
-17.71	11.20	nan	nan	
Room3:
-17.27	11.60	nan	nan	

Sun Jan 11 16:18:32 2015
Room1 Light:
1190.00	1200.00	1210.00	1220.00	
Room1:
12.00	-18.81	-18.70	-18.48	-18.37	-18.26	-18.15	10.80	nan	nan	
Room2:
-17.71	11.20	nan	nan	
Room3:
-17.27	11.60	nan	nan	

Sun Jan 11 16:18:41 2015
Room1 Light:
1190.00	1200.00	1210.00	1220.00	
Room1:
12.00	-18.81	-18.70	-18.48	-18.37	-18.26	-18.15	10.80	nan	nan	
Room2:
-17.71	11.20	nan	nan	
Room3:
-17.27	11.60	nan	nan	

Sun Jan 11 16:18:50 2015
Room1 Light:
1190.00	1200.00	1210.00	1220.00	
Room1:
12.00	-18.81	-18.70	-18.48	-18.37	-18.26	-18.15	10.80	nan	nan	
Room2:
-17.71	11.20	nan	nan	
Room3:
-17.27	11.60	nan	nan	

Sun Jan 11 16:18:58 2015
Room1 Light:
1190.00	1200.00	1210.00	1220.00	
Room1:
12.00	-18.81	-18.70	-18.48	-18.37	-18.26	-18.15	10.80	nan	nan	
Room2:
-17.71	11.20	nan	nan	
Room3:
-17.27	11.60	nan	nan	

Sun Jan 11 16:19:07 2015
Room1 Light:
1190.00	1200.00	1210.00	1220.00	
Room1:
12.00	-18.81	-18.70	-18.48	-18.37	-18.26	-18.15	10.80	nan	nan	
Room2:
-17.71	11.20	nan	nan	
Room3:
-17.27	11.60	nan	nan	

Sun Jan 11 16:19:15 2015
Room1 Light:
1190.00	1200.00	1210.00	1220.00	
Room1:
12.00	-18.81	-18.70	-18.48	-18.37	-18.26	-18.15	10.80	nan	nan	
Room2:
-17.71	11.20	nan	nan	
Room3:
-17.27	11.60	nan	nan	

Sun Jan 11 16:19:24 2015
Room1 Light:
1190.00	1200.00	1210.00	1220.00	
Room1:
12.00	-18.81	-18.70	-18.48	-18.37	-18.26	-18.15	10.80	nan	nan	
Room2:
-17.71	11.20	nan	nan	
Room3:
-17.27	11.60	nan	nan	

Sun Jan 11 16:19:33 2015
Room1 Light:
1190.00	1200.00	1210.00	1220.00	
Room1:
12.00	-18.81	-18.70	-18.48	-18.37	-18.26	-18.15	10.80	nan	nan	
Room2:
-17.71	11.20	nan	nan	
Room3:
-17.27	11.60	nan	nan	

Sun Jan 11 16:21:15 2015
Room1 Light:
1190.00	1200.00	1210.00	1220.00	
Room1:
12.00	-18.81	-18.70	-18.48	-18.37	-18.26	-18.15	10.80	nan	nan	
Room2:
-17.71	11.20	nan	nan	
Room3:
-17.27	11.60	nan	nan	

Sun Jan 11 16:21:23 2015
Room1 Light:
1190.00	1200.00	1210.00	1220.00	
Room1:
12.00	-18.81	-18.70	-18.48	-18.37	-18.26	-18.15	10.80	nan	nan	
Room2:
-17.71	11.20	nan	nan	
Room3:
-17.27	11.60	nan	nan	

Sun Jan 11 16:21:32 2015
Room1 Light:
1190.00	1200.00	1210.00	1220.00	
Room1:
12.00	-18.81	-18.70	-18.48	-18.37	-18.26	-18.15	10.80	nan	nan	
Room2:
-17.71	11.20	nan	nan	
Room3:
-17.27	11.60	nan	nan	

Sun Jan 11 16:21:41 2015
Room1 Light:
1190.00	1200.00	1210.00	1220.00	
Room1:
12.00	-18.81	-18.70	-18.48	-18.37	-18.26	-18.15	10.80	nan	nan	
Room2:
-17.71	11.20	nan	nan	
Room3:
-17.27	11.60	nan	nan	

Sun Jan 11 16:21:49 2015
Room1 Light:
1190.00	1200.00	1210.00	1220.00	
Room1:
12.00	-18.81	-18.70	-18.48	-18.37	-18.26	-18.15	10.80	nan	nan	
Room2:
-17.71	11.20	nan	nan	
Room3:
-17.27	11.60	nan	nan	

Sun Jan 11 16:21:58 2015
Room1 Light:
1190.00	1200.00	1210.00	1220.00	
Room1:
12.00	-18.81	-18.70	-18.48	-18.37	-18.26	-18.15	10.80	nan	nan	
Room2:
-17.71	11.20	nan	nan	
Room3:
-17.27	11.60	nan	nan	

Sun Jan 11 16:22:06 2015
Room1 Light:
1190.00	1200.00	1210.00	1220.00	
Room1:
12.00	-18.81	-18.70	-18.48	-18.37	-18.26	-18.15	10.80	nan	nan	
Room2:
-17.71	11.20	nan	nan	
Room3:
-17.27	11.60	nan	nan	

Sun Jan 11 16:22:15 2015
Room1 Light:
1190.00	1200.00	1210.00	1220.00	
Room1:
12.00	-18.81	-18.70	-18.48	-18.37	-18.26	-18.15	10.80	nan	nan	
Room2:
-17.71	11.20	nan	nan	
Room3:
-17.27	11.60	nan	nan	

Sun Jan 11 16:22:24 2015
Room1 Light:
1190.00	1200.00	1210.00	1220.00	
Room1:
12.00	-18.81	-18.70	-18.48	-18.37	-18.26	-18.15	10.80	nan	nan	
Room2:
-17.71	11.20	nan	nan	
Room3:
-17.27	11.60	nan	nan	

Sun Jan 11 16:22:32 2015
Room1 Light:
1190.00	1200.00	1210.00	1220.00	
Room1:
12.00	-18.81	-18.70	-18.48	-18.37	-18.26	-18.15	10.80	nan	nan	
Room2:
-17.71	11.20	nan	nan	
Room3:
-17.27	11.60	nan	nan	

Sun Jan 11 16:22:41 2015
Room1 Light:
1190.00	1200.00	1210.00	1220.00	
Room1:
12.00	-18.81	-18.70	-18.48	-18.37	-18.26	-18.15	10.80	nan	nan	
Room2:
-17.71	11.20	nan	nan	
Room3:
-17.27	11.60	nan	nan	

Sun Jan 11 16:22:50 2015
Room1 Light:
1190.00	1200.00	1210.00	1220.00	
Room1:
12.00	-18.81	-18.70	-18.48	-18.37	-18.26	-18.15	10.80	nan	nan	
Room2:
-17.71	11.20	nan	nan	
Room3:
-17.27	11.60	nan	nan	

Sun Jan 11 16:22:58 2015
Room1 Light:
1190.00	1200.00	1210.00	1220.00	
Room1:
12.00	-18.81	-18.70	-18.48	-18.37	-18.26	-18.15	10.80	nan	nan	
Room2:
-17.71	11.20	nan	nan	
Room3:
-17.27	11.60	nan	nan	

Sun Jan 11 16:23:07 2015
Room1 Light:
1190.00	1200.00	1210.00	1220.00	
Room1:
12.00	-18.81	-18.70	-18.48	-18.37	-18.26	-18.15	10.80	nan	nan	
Room2:
-17.71	11.20	nan	nan	
Room3:
-17.27	11.60	nan	nan	

Sun Jan 11 16:23:15 2015
Room1 Light:
1190.00	1200.00	1210.00	1220.00	
Room1:
12.00	-18.81	-18.70	-18.48	-18.37	-18.26	-18.15	10.80	nan	nan	
Room2:
-17.71	11.20	nan	nan	
Room3:
-17.27	11.60	nan	nan	

Sun Jan 11 16:23:24 2015
Room1 Light:
1190.00	1200.00	1210.00	1220.00	
Room1:
12.00	-18.81	-18.70	-18.48	-18.37	-18.26	-18.15	10.80	nan	nan	
Room2:
-17.71	11.20	nan	nan	
Room3:
-17.27	11.60	nan	nan	

Sun Jan 11 16:23:46 2015
Room1 Light:
1190.00	1200.00	1210.00	1220.00	
Room1:
12.00	-18.81	-18.70	-18.48	-18.37	-18.26	-18.15	10.80	nan	nan	
Room2:
-17.71	11.20	nan	nan	
Room3:
-17.27	11.60	nan	nan	

Sun Jan 11 16:23:55 2015
Room1 Light:
1190.00	1200.00	1210.00	1220.00	
Room1:
12.00	-18.81	-18.70	-18.48	-18.37	-18.26	-18.15	10.80	nan	nan	
Room2:
-17.71	11.20	nan	nan	
Room3:
-17.27	11.60	nan	nan	

Sun Jan 11 16:25:46 2015
Room1 Light:
1190.00	1200.00	1210.00	1220.00	
Room1:
12.00	-18.81	-18.70	-18.48	-18.37	-18.26	-18.15	10.80	nan	nan	
Room2:
-17.71	11.20	nan	nan	
Room3:
-17.27	11.60	nan	nan	

Sun Jan 11 16:25:55 2015
Room1 Light:
1190.00	1200.00	1210.00	1220.00	
Room1:
12.00	-18.81	-18.70	-18.48	-18.37	-18.26	-18.15	10.80	nan	nan	
Room2:
-17.71	11.20	nan	nan	
Room3:
-17.27	11.60	nan	nan	

Sun Jan 11 16:26:04 2015
Room1 Light:
1190.00	1200.00	1210.00	1220.00	
Room1:
12.00	-18.81	-18.70	-18.48	-18.37	-18.26	-18.15	10.80	nan	nan	
Room2:
-17.71	11.20	nan	nan	
Room3:
-17.27	11.60	nan	nan	

Sun Jan 11 16:26:12 2015
Room1 Light:
1190.00	1200.00	1210.00	1220.00	
Room1:
12.00	-18.81	-18.70	-18.48	-18.37	-18.26	-18.15	10.80	nan	nan	
Room2:
-17.71	11.20	nan	nan	
Room3:
-17.27	11.60	nan	nan	

Sun Jan 11 16:26:21 2015
Room1 Light:
1190.00	1200.00	1210.00	1220.00	
Room1:
12.00	-18.81	-18.70	-18.48	-18.37	-18.26	-18.15	10.80	nan	nan	
Room2:
-17.71	11.20	nan	nan	
Room3:
-17.27	11.60	nan	nan	

Sun Jan 11 16:26:29 2015
Room1 Light:
1190.00	1200.00	1210.00	1220.00	
Room1:
12.00	-18.81	-18.70	-18.48	-18.37	-18.26	-18.15	10.80	nan	nan	
Room2:
-17.71	11.20	nan	nan	
Room3:
-17.27	11.60	nan	nan	

Sun Jan 11 16:26:38 2015
Room1 Light:
1190.00	1200.00	1210.00	1220.00	
Room1:
12.00	-18.81	-18.70	-18.48	-18.37	-18.26	-18.15	10.80	nan	nan	
Room2:
-17.71	11.20	nan	nan	
Room3:
-17.27	11.60	nan	nan	

Sun Jan 11 16:26:47 2015
Room1 Light:
1190.00	1200.00	1210.00	1220.00	
Room1:
12.00	-18.81	-18.70	-18.48	-18.37	-18.26	-18.15	10.80	nan	nan	
Room2:
-17.71	11.20	nan	nan	
Room3:
-17.27	11.60	nan	nan	

Sun Jan 11 16:26:55 2015
Room1 Light:
1190.00	1200.00	1210.00	1220.00	
Room1:
12.00	-18.81	-18.70	-18.48	-18.37	-18.26	-18.15	10.80	nan	nan	
Room2:
-17.71	11.20	nan	nan	
Room3:
-17.27	11.60	nan	nan	

Sun Jan 11 16:27:04 2015
Room1 Light:
1190.00	1200.00	1210.00	1220.00	
Room1:
12.00	-18.81	-18.70	-18.48	-18.37	-18.26	-18.15	10.80	nan	nan	
Room2:
-17.71	11.20	nan	nan	
Room3:
-17.27	11.60	nan	nan	

Sun Jan 11 16:30:50 2015
Room1 Light:
1190.00	1200.00	1210.00	1220.00	
Room1:
12.00	-18.81	-18.70	-18.48	-18.37	-18.26	-18.15	10.80	nan	nan	
Room2:
-17.71	11.20	nan	nan	
Room3:
-17.27	11.60	nan	nan	

Sun Jan 11 16:30:58 2015
Room1 Light:
1190.00	1200.00	1210.00	1220.00	
Room1:
12.00	-18.81	-18.70	-18.48	-18.37	-18.26	-18.15	10.80	nan	nan	
Room2:
-17.71	11.20	nan	nan	
Room3:
-17.27	11.60	nan	nan	

Sun Jan 11 16:31:18 2015
Room1 Light:
1190.00	1200.00	1210.00	1220.00	
Room1:
12.00	-18.81	-18.70	-18.48	-18.37	-18.26	-18.15	10.80	nan	nan	
Room2:
-17.71	11.20	nan	nan	
Room3:
-17.27	11.60	nan	nan	

Sun Jan 11 16:31:27 2015
Room1 Light:
1190.00	1200.00	1210.00	1220.00	
Room1:
12.00	-18.81	-18.70	-18.48	-18.37	-18.26	-18.15	10.80	nan	nan	
Room2:
-17.71	11.20	nan	nan	
Room3:
-17.27	11.60	nan	nan	

Sun Jan 11 16:31:35 2015
Room1 Light:
1190.00	1200.00	1210.00	1220.00	
Room1:
12.00	-18.81	-18.70	-18.48	-18.37	-18.26	-18.15	10.80	nan	nan	
Room2:
-17.71	11.20	nan	nan	
Room3:
-17.27	11.60	nan	nan	

Sun Jan 11 16:31:44 2015
Room1 Light:
1190.00	1200.00	1210.00	1220.00	
Room1:
12.00	-18.81	-18.70	-18.48	-18.37	-18.26	-18.15	10.80	nan	nan	
Room2:
-17.71	11.20	nan	nan	
Room3:
-17.27	11.60	nan	nan	

Sun Jan 11 16:31:52 2015
Room1 Light:
1190.00	1200.00	1210.00	1220.00	
Room1:
12.00	-18.81	-18.70	-18.48	-18.37	-18.26	-18.15	10.80	nan	nan	
Room2:
-17.71	11.20	nan	nan	
Room3:
-17.27	11.60	nan	nan	

Sun Jan 11 16:33:29 2015
Room1 Light:
1190.00	1200.00	1210.00	1220.00	
Room1:
12.00	-18.81	-18.70	-18.48	-18.37	-18.26	-18.15	10.80	nan	nan	
Room2:
-17.71	11.20	nan	nan	
Room3:
-17.27	11.60	nan	nan	

Sun Jan 11 16:33:37 2015
Room1 Light:
1190.00	1200.00	1210.00	1220.00	
Room1:
12.00	-18.81	-18.70	-18.48	-18.37	-18.26	-18.15	10.80	nan	nan	
Room2:
-17.71	11.20	nan	nan	
Room3:
-17.27	11.60	nan	nan	

Sun Jan 11 16:35:33 2015
Room1 Light:
1190.00	1200.00	1210.00	1220.00	
Room1:
12.00	-18.81	-18.70	-18.48	-18.37	-18.26	-18.15	10.80	nan	nan	
Room2:
-17.71	11.20	nan	nan	
Room3:
-17.27	11.60	nan	nan	

Sun Jan 11 16:35:42 2015
Room1 Light:
1190.00	1200.00	1210.00	1220.00	
Room1:
12.00	-18.81	-18.70	-18.48	-18.37	-18.26	-18.15	10.80	nan	nan	
Room2:
-17.71	11.20	nan	nan	
Room3:
-17.27	11.60	nan	nan	

Sun Jan 11 16:35:50 2015
Room1 Light:
1190.00	1200.00	1210.00	1220.00	
Room1:
12.00	-18.81	-18.70	-18.48	-18.37	-18.26	-18.15	10.80	nan	nan	
Room2:
-17.71	11.20	nan	nan	
Room3:
-17.27	11.60	nan	nan	

Sun Jan 11 16:35:59 2015
Room1 Light:
1190.00	1200.00	1210.00	1220.00	
Room1:
12.00	-18.81	-18.70	-18.48	-18.37	-18.26	-18.15	10.80	nan	nan	
Room2:
-17.71	11.20	nan	nan	
Room3:
-17.27	11.60	nan	nan	

Sun Jan 11 16:36:07 2015
Room1 Light:
1190.00	1200.00	1210.00	1220.00	
Room1:
12.00	-18.81	-18.70	-18.48	-18.37	-18.26	-18.15	10.80	nan	nan	
Room2:
-17.71	11.20	nan	nan	
Room3:
-17.27	11.60	nan	nan	

Sun Jan 11 16:39:36 2015
Room1 Light:
1190.00	1200.00	1210.00	1220.00	
Room1:
12.00	-18.81	-18.70	-18.48	-18.37	-18.26	-18.15	10.80	nan	nan	
Room2:
-17.71	11.20	nan	nan	
Room3:
-17.27	11.60	nan	nan	

Sun Jan 11 16:39:45 2015
Room1 Light:
1190.00	1200.00	1210.00	1220.00	
Room1:
12.00	-18.81	-18.70	-18.48	-18.37	-18.26	-18.15	10.80	nan	nan	
Room2:
-17.71	11.20	nan	nan	
Room3:
-17.27	11.60	nan	nan	

Sun Jan 11 16:39:53 2015
Room1 Light:
1190.00	1200.00	1210.00	1220.00	
Room1:
12.00	-18.81	-18.70	-18.48	-18.37	-18.26	-18.15	10.80	nan	nan	
Room2:
-17.71	11.20	nan	nan	
Room3:
-17.27	11.60	nan	nan	

Sun Jan 11 16:40:11 2015
Room1 Light:
1190.00	1200.00	1210.00	1220.00	
Room1:
12.00	-18.81	-18.70	-18.48	-18.37	-18.26	-18.15	10.80	nan	nan	
Room2:
-17.71	11.20	nan	nan	
Room3:
-17.27	11.60	nan	nan	

Sun Jan 11 16:40:20 2015
Room1 Light:
1190.00	1200.00	1210.00	1220.00	
Room1:
12.00	-18.81	-18.70	-18.48	-18.37	-18.26	-18.15	10.80	nan	nan	
Room2:
-17.71	11.20	nan	nan	
Room3:
-17.27	11.60	nan	nan	

Sun Jan 11 16:42:01 2015
Room1 Light:
1190.00	1200.00	1210.00	1220.00	
Room1:
12.00	-18.81	-18.70	-18.48	-18.37	-18.26	-18.15	10.80	nan	nan	
Room2:
-17.71	11.20	nan	nan	
Room3:
-17.27	11.60	nan	nan	

Sun Jan 11 16:42:09 2015
Room1 Light:
1190.00	1200.00	1210.00	1220.00	
Room1:
12.00	-18.81	-18.70	-18.48	-18.37	-18.26	-18.15	10.80	nan	nan	
Room2:
-17.71	11.20	nan	nan	
Room3:
-17.27	11.60	nan	nan	

Sun Jan 11 16:42:18 2015
Room1 Light:
1190.00	1200.00	1210.00	1220.00	
Room1:
12.00	-18.81	-18.70	-18.48	-18.37	-18.26	-18.15	10.80	nan	nan	
Room2:
-17.71	11.20	nan	nan	
Room3:
-17.27	11.60	nan	nan	

Sun Jan 11 16:42:27 2015
Room1 Light:
1190.00	1200.00	1210.00	1220.00	
Room1:
12.00	-18.81	-18.70	-18.48	-18.37	-18.26	-18.15	10.80	nan	nan	
Room2:
-17.71	11.20	nan	nan	
Room3:
-17.27	11.60	nan	nan	

Sun Jan 11 16:42:35 2015
Room1 Light:
1190.00	1200.00	1210.00	1220.00	
Room1:
12.00	-18.81	-18.70	-18.48	-18.37	-18.26	-18.15	10.80	nan	nan	
Room2:
-17.71	11.20	nan	nan	
Room3:
-17.27	11.60	nan	nan	

Sun Jan 11 16:42:44 2015
Room1 Light:
1190.00	1200.00	1210.00	1220.00	
Room1:
12.00	-18.81	-18.70	-18.48	-18.37	-18.26	-18.15	10.80	nan	nan	
Room2:
-17.71	11.20	nan	nan	
Room3:
-17.27	11.60	nan	nan	

Sun Jan 11 16:42:53 2015
Room1 Light:
1190.00	1200.00	1210.00	1220.00	
Room1:
12.00	-18.81	-18.70	-18.48	-18.37	-18.26	-18.15	10.80	nan	nan	
Room2:
-17.71	11.20	nan	nan	
Room3:
-17.27	11.60	nan	nan	

Sun Jan 11 16:43:01 2015
Room1 Light:
1190.00	1200.00	1210.00	1220.00	
Room1:
12.00	-18.81	-18.70	-18.48	-18.37	-18.26	-18.15	10.80	nan	nan	
Room2:
-17.71	11.20	nan	nan	
Room3:
-17.27	11.60	nan	nan	

Sun Jan 11 16:43:10 2015
Room1 Light:
1190.00	1200.00	1210.00	1220.00	
Room1:
12.00	-18.81	-18.70	-18.48	-18.37	-18.26	-18.15	10.80	nan	nan	
Room2:
-17.71	11.20	nan	nan	
Room3:
-17.27	11.60	nan	nan	

Sun Jan 11 16:44:07 2015
Room1 Light:
1190.00	1200.00	1210.00	1220.00	
Room1:
12.00	-18.81	-18.70	-18.48	-18.37	-18.26	-18.15	10.80	nan	nan	
Room2:
-17.71	11.20	nan	nan	
Room3:
-17.27	11.60	nan	nan	

Sun Jan 11 16:44:16 2015
Room1 Light:
1190.00	1200.00	1210.00	1220.00	
Room1:
12.00	-18.81	-18.70	-18.48	-18.37	-18.26	-18.15	10.80	nan	nan	
Room2:
-17.71	11.20	nan	nan	
Room3:
-17.27	11.60	nan	nan	

Sun Jan 11 16:48:40 2015
Room1 Light:
1190.00	1200.00	1210.00	1220.00	
Room1:
12.00	-18.81	-18.70	-18.48	-18.37	-18.26	-18.15	10.80	nan	nan	
Room2:
-17.71	11.20	nan	nan	
Room3:
-17.27	11.60	nan	nan	

Sun Jan 11 16:48:49 2015
Room1 Light:
1190.00	1200.00	1210.00	1220.00	
Room1:
12.00	-18.81	-18.70	-18.48	-18.37	-18.26	-18.15	10.80	nan	nan	
Room2:
-17.71	11.20	nan	nan	
Room3:
-17.27	11.60	nan	nan	

Sun Jan 11 16:48:58 2015
Room1 Light:
1190.00	1200.00	1210.00	1220.00	
Room1:
12.00	-18.81	-18.70	-18.48	-18.37	-18.26	-18.15	10.80	nan	nan	
Room2:
-17.71	11.20	nan	nan	
Room3:
-17.27	11.60	nan	nan	

Sun Jan 11 16:51:58 2015
Room1 Light:
1190.00	1200.00	1210.00	1220.00	
Room1:
12.00	-18.81	-18.70	-18.48	-18.37	-18.26	-18.15	10.80	nan	nan	
Room2:
-17.71	11.20	nan	nan	
Room3:
-17.27	11.60	nan	nan	

Sun Jan 11 16:52:07 2015
Room1 Light:
1190.00	1200.00	1210.00	1220.00	
Room1:
12.00	-18.81	-18.70	-18.48	-18.37	-18.26	-18.15	10.80	nan	nan	
Room2:
-17.71	11.20	nan	nan	
Room3:
-17.27	11.60	nan	nan	

Sun Jan 11 16:52:15 2015
Room1 Light:
1190.00	1200.00	1210.00	1220.00	
Room1:
12.00	-18.81	-18.70	-18.48	-18.37	-18.26	-18.15	10.80	nan	nan	
Room2:
-17.71	11.20	nan	nan	
Room3:
-17.27	11.60	nan	nan	

Sun Jan 11 16:52:24 2015
Room1 Light:
1190.00	1200.00	1210.00	1220.00	
Room1:
12.00	-18.81	-18.70	-18.48	-18.37	-18.26	-18.15	10.80	nan	nan	
Room2:
-17.71	11.20	nan	nan	
Room3:
-17.27	11.60	nan	nan	

Sun Jan 11 16:52:33 2015
Room1 Light:
1190.00	1200.00	1210.00	1220.00	
Room1:
12.00	-18.81	-18.70	-18.48	-18.37	-18.26	-18.15	10.80	nan	nan	
Room2:
-17.71	11.20	nan	nan	
Room3:
-17.27	11.60	nan	nan	

Sun Jan 11 16:52:41 2015
Room1 Light:
1190.00	1200.00	1210.00	1220.00	
Room1:
12.00	-18.81	-18.70	-18.48	-18.37	-18.26	-18.15	10.80	nan	nan	
Room2:
-17.71	11.20	nan	nan	
Room3:
-17.27	11.60	nan	nan	

Sun Jan 11 16:52:50 2015
Room1 Light:
1190.00	1200.00	1210.00	1220.00	
Room1:
12.00	-18.81	-18.70	-18.48	-18.37	-18.26	-18.15	10.80	nan	nan	
Room2:
-17.71	11.20	nan	nan	
Room3:
-17.27	11.60	nan	nan	

Sun Jan 11 16:56:24 2015
Room1 Light:
1190.00	1200.00	1210.00	1220.00	
Room1:
12.00	-18.81	-18.70	-18.48	-18.37	-18.26	-18.15	10.80	nan	nan	
Room2:
-17.71	11.20	nan	nan	
Room3:
-17.27	11.60	nan	nan	

Sun Jan 11 16:56:32 2015
Room1 Light:
1190.00	1200.00	1210.00	1220.00	
Room1:
12.00	-18.81	-18.70	-18.48	-18.37	-18.26	-18.15	10.80	nan	nan	
Room2:
-17.71	11.20	nan	nan	
Room3:
-17.27	11.60	nan	nan	

Sun Jan 11 16:56:50 2015
Room1 Light:
1190.00	1200.00	1210.00	1220.00	
Room1:
12.00	-18.81	-18.70	-18.48	-18.37	-18.26	-18.15	10.80	nan	nan	
Room2:
-17.71	11.20	nan	nan	
Room3:
-17.27	11.60	nan	nan	

Sun Jan 11 16:56:59 2015
Room1 Light:
1190.00	1200.00	1210.00	1220.00	
Room1:
12.00	-18.81	-18.70	-18.48	-18.37	-18.26	-18.15	10.80	nan	nan	
Room2:
-17.71	11.20	nan	nan	
Room3:
-17.27	11.60	nan	nan	

Sun Jan 11 16:57:08 2015
Room1 Light:
1190.00	1200.00	1210.00	1220.00	
Room1:
12.00	-18.81	-18.70	-18.48	-18.37	-18.26	-18.15	10.80	nan	nan	
Room2:
-17.71	11.20	nan	nan	
Room3:
-17.27	11.60	nan	nan	

Sun Jan 11 16:57:16 2015
Room1 Light:
1190.00	1200.00	1210.00	1220.00	
Room1:
12.00	-18.81	-18.70	-18.48	-18.37	-18.26	-18.15	10.80	nan	nan	
Room2:
-17.71	11.20	nan	nan	
Room3:
-17.27	11.60	nan	nan	

Sun Jan 11 16:57:25 2015
Room1 Light:
1190.00	1200.00	1210.00	1220.00	
Room1:
12.00	-18.81	-18.70	-18.48	-18.37	-18.26	-18.15	10.80	nan	nan	
Room2:
-17.71	11.20	nan	nan	
Room3:
-17.27	11.60	nan	nan	

Sun Jan 11 16:57:34 2015
Room1 Light:
1190.00	1200.00	1210.00	1220.00	
Room1:
12.00	-18.81	-18.70	-18.48	-18.37	-18.26	-18.15	10.80	nan	nan	
Room2:
-17.71	11.20	nan	nan	
Room3:
-17.27	11.60	nan	nan	

Sun Jan 11 16:57:42 2015
Room1 Light:
1190.00	1200.00	1210.00	1220.00	
Room1:
12.00	-18.81	-18.70	-18.48	-18.37	-18.26	-18.15	10.80	nan	nan	
Room2:
-17.71	11.20	nan	nan	
Room3:
-17.27	11.60	nan	nan	

