
Tue Dec 30 15:22:38 2014
Room1:
12.00	-19.00	-18.89	-18.67	-18.56	-18.44	-18.33	10.80	1090.00	1100.00	
Room2:
-17.89	11.20	1130.00	1140.00	
Room3:
-17.44	11.60	1170.00	1180.00	
Room1 Light:
1190.00	1200.00	1210.00	1220.00	

Tue Dec 30 15:22:43 2014
Room1:
12.00	-19.00	-18.89	-18.67	-18.56	-18.44	-18.33	10.80	1090.00	1100.00	
Room2:
-17.89	11.20	1130.00	1140.00	
Room3:
-17.44	11.60	1170.00	1180.00	
Room1 Light:
1190.00	1200.00	1210.00	1220.00	

Tue Dec 30 15:22:49 2014
Room1:
12.00	-19.00	-18.89	-18.67	-18.56	-18.44	-18.33	10.80	1090.00	1100.00	
Room2:
-17.89	11.20	1130.00	1140.00	
Room3:
-17.44	11.60	1170.00	1180.00	
Room1 Light:
1190.00	1200.00	1210.00	1220.00	

Tue Dec 30 15:22:55 2014
Room1:
12.00	-19.00	-18.89	-18.67	-18.56	-18.44	-18.33	10.80	1090.00	1100.00	
Room2:
-17.89	11.20	1130.00	1140.00	
Room3:
-17.44	11.60	1170.00	1180.00	
Room1 Light:
1190.00	1200.00	1210.00	1220.00	

Tue Dec 30 15:23:00 2014
Room1:
12.00	-19.00	-18.89	-18.67	-18.56	-18.44	-18.33	10.80	1090.00	1100.00	
Room2:
-17.89	11.20	1130.00	1140.00	
Room3:
-17.44	11.60	1170.00	1180.00	
Room1 Light:
1190.00	1200.00	1210.00	1220.00	

Tue Dec 30 15:23:06 2014
Room1:
12.00	-19.00	-18.89	-18.67	-18.56	-18.44	-18.33	10.80	1090.00	1100.00	
Room2:
-17.89	11.20	1130.00	1140.00	
Room3:
-17.44	11.60	1170.00	1180.00	
Room1 Light:
1190.00	1200.00	1210.00	1220.00	

Tue Dec 30 15:23:12 2014
Room1:
12.00	-19.00	-18.89	-18.67	-18.56	-18.44	-18.33	10.80	1090.00	1100.00	
Room2:
-17.89	11.20	1130.00	1140.00	
Room3:
-17.44	11.60	1170.00	1180.00	
Room1 Light:
1190.00	1200.00	1210.00	1220.00	

Tue Dec 30 15:23:17 2014
Room1:
12.00	-19.00	-18.89	-18.67	-18.56	-18.44	-18.33	10.80	1090.00	1100.00	
Room2:
-17.89	11.20	1130.00	1140.00	
Room3:
-17.44	11.60	1170.00	1180.00	
Room1 Light:
1190.00	1200.00	1210.00	1220.00	

Tue Dec 30 15:23:23 2014
Room1:
12.00	-19.00	-18.89	-18.67	-18.56	-18.44	-18.33	10.80	1090.00	1100.00	
Room2:
-17.89	11.20	1130.00	1140.00	
Room3:
-17.44	11.60	1170.00	1180.00	
Room1 Light:
1190.00	1200.00	1210.00	1220.00	

Tue Dec 30 15:23:28 2014
Room1:
12.00	-19.00	-18.89	-18.67	-18.56	-18.44	-18.33	10.80	1090.00	1100.00	
Room2:
-17.89	11.20	1130.00	1140.00	
Room3:
-17.44	11.60	1170.00	1180.00	
Room1 Light:
1190.00	1200.00	1210.00	1220.00	

Tue Dec 30 15:23:34 2014
Room1:
12.00	-19.00	-18.89	-18.67	-18.56	-18.44	-18.33	10.80	1090.00	1100.00	
Room2:
-17.89	11.20	1130.00	1140.00	
Room3:
-17.44	11.60	1170.00	1180.00	
Room1 Light:
1190.00	1200.00	1210.00	1220.00	

Tue Dec 30 15:23:40 2014
Room1:
12.00	-19.00	-18.89	-18.67	-18.56	-18.44	-18.33	10.80	1090.00	1100.00	
Room2:
-17.89	11.20	1130.00	1140.00	
Room3:
-17.44	11.60	1170.00	1180.00	
Room1 Light:
1190.00	1200.00	1210.00	1220.00	

Tue Dec 30 15:23:45 2014
Room1:
12.00	-19.00	-18.89	-18.67	-18.56	-18.44	-18.33	10.80	1090.00	1100.00	
Room2:
-17.89	11.20	1130.00	1140.00	
Room3:
-17.44	11.60	1170.00	1180.00	
Room1 Light:
1190.00	1200.00	1210.00	1220.00	

Tue Dec 30 15:23:51 2014
Room1:
12.00	-19.00	-18.89	-18.67	-18.56	-18.44	-18.33	10.80	1090.00	1100.00	
Room2:
-17.89	11.20	1130.00	1140.00	
Room3:
-17.44	11.60	1170.00	1180.00	
Room1 Light:
1190.00	1200.00	1210.00	1220.00	

Tue Dec 30 15:23:57 2014
Room1:
12.00	-19.00	-18.89	-18.67	-18.56	-18.44	-18.33	10.80	1090.00	1100.00	
Room2:
-17.89	11.20	1130.00	1140.00	
Room3:
-17.44	11.60	1170.00	1180.00	
Room1 Light:
1190.00	1200.00	1210.00	1220.00	

Tue Dec 30 15:24:02 2014
Room1:
12.00	-19.00	-18.89	-18.67	-18.56	-18.44	-18.33	10.80	1090.00	1100.00	
Room2:
-17.89	11.20	1130.00	1140.00	
Room3:
-17.44	11.60	1170.00	1180.00	
Room1 Light:
1190.00	1200.00	1210.00	1220.00	

